Stn Code,Sampling Date,State,City/Town/Village/Area,Location of Monitoring Station,Agency,Type of Location,SO2,NO2,RSPM/PM10,SPM
618,1/1/2010,Kerala,Alappuzha,"District Office, Alissery Road, Alappuzha",Kerala State Pollution Control Board,"Residential, Rural and other Areas",2,5,63,NA
618,1/5/2010,Kerala,Alappuzha,"District Office, Alissery Road, Alappuzha",Kerala State Pollution Control Board,"Residential, Rural and other Areas",2,5,65,NA
618,1/12/2010,Kerala,Alappuzha,"District Office, Alissery Road, Alappuzha",Kerala State Pollution Control Board,"Residential, Rural and other Areas",2,5,97,NA
618,14-01-10,Kerala,Alappuzha,"District Office, Alissery Road, Alappuzha",Kerala State Pollution Control Board,"Residential, Rural and other Areas",2,5,69,NA
618,16-01-10,Kerala,Alappuzha,"District Office, Alissery Road, Alappuzha",Kerala State Pollution Control Board,"Residential, Rural and other Areas",2,5,63,NA
618,19-01-10,Kerala,Alappuzha,"District Office, Alissery Road, Alappuzha",Kerala State Pollution Control Board,"Residential, Rural and other Areas",2,5,109,NA
618,21-01-10,Kerala,Alappuzha,"District Office, Alissery Road, Alappuzha",Kerala State Pollution Control Board,"Residential, Rural and other Areas",2,5,52,NA
618,23-01-10,Kerala,Alappuzha,"District Office, Alissery Road, Alappuzha",Kerala State Pollution Control Board,"Residential, Rural and other Areas",2,5,46,NA
618,28-01-10,Kerala,Alappuzha,"District Office, Alissery Road, Alappuzha",Kerala State Pollution Control Board,"Residential, Rural and other Areas",2,5,25,NA
618,30-01-10,Kerala,Alappuzha,"District Office, Alissery Road, Alappuzha",Kerala State Pollution Control Board,"Residential, Rural and other Areas",2,5,47,NA
618,2/1/2010,Kerala,Alappuzha,"District Office, Alissery Road, Alappuzha",Kerala State Pollution Control Board,"Residential, Rural and other Areas",2,6,84,NA
618,2/3/2010,Kerala,Alappuzha,"District Office, Alissery Road, Alappuzha",Kerala State Pollution Control Board,"Residential, Rural and other Areas",2,5,51,NA
618,2/5/2010,Kerala,Alappuzha,"District Office, Alissery Road, Alappuzha",Kerala State Pollution Control Board,"Residential, Rural and other Areas",2,5,37,NA
618,2/9/2010,Kerala,Alappuzha,"District Office, Alissery Road, Alappuzha",Kerala State Pollution Control Board,"Residential, Rural and other Areas",2,5,36,NA
618,16-02-10,Kerala,Alappuzha,"District Office, Alissery Road, Alappuzha",Kerala State Pollution Control Board,"Residential, Rural and other Areas",2,5,43,NA
618,18-02-10,Kerala,Alappuzha,"District Office, Alissery Road, Alappuzha",Kerala State Pollution Control Board,"Residential, Rural and other Areas",2,5,68,NA
618,20-02-10,Kerala,Alappuzha,"District Office, Alissery Road, Alappuzha",Kerala State Pollution Control Board,"Residential, Rural and other Areas",2,5,38,NA
618,22-02-10,Kerala,Alappuzha,"District Office, Alissery Road, Alappuzha",Kerala State Pollution Control Board,"Residential, Rural and other Areas",2,5,45,NA
618,24-02-10,Kerala,Alappuzha,"District Office, Alissery Road, Alappuzha",Kerala State Pollution Control Board,"Residential, Rural and other Areas",2,5,33,NA
618,27-02-10,Kerala,Alappuzha,"District Office, Alissery Road, Alappuzha",Kerala State Pollution Control Board,"Residential, Rural and other Areas",2,5,43,NA
618,3/2/2010,Kerala,Alappuzha,"District Office, Alissery Road, Alappuzha",Kerala State Pollution Control Board,"Residential, Rural and other Areas",2,5,53,NA
618,3/4/2010,Kerala,Alappuzha,"District Office, Alissery Road, Alappuzha",Kerala State Pollution Control Board,"Residential, Rural and other Areas",2,5,63,NA
618,3/9/2010,Kerala,Alappuzha,"District Office, Alissery Road, Alappuzha",Kerala State Pollution Control Board,"Residential, Rural and other Areas",2,6,93,NA
618,3/11/2010,Kerala,Alappuzha,"District Office, Alissery Road, Alappuzha",Kerala State Pollution Control Board,"Residential, Rural and other Areas",2,5,59,NA
618,16-03-10,Kerala,Alappuzha,"District Office, Alissery Road, Alappuzha",Kerala State Pollution Control Board,"Residential, Rural and other Areas",2,5,69,NA
618,18-03-10,Kerala,Alappuzha,"District Office, Alissery Road, Alappuzha",Kerala State Pollution Control Board,"Residential, Rural and other Areas",2,5,56,NA
618,23-03-10,Kerala,Alappuzha,"District Office, Alissery Road, Alappuzha",Kerala State Pollution Control Board,"Residential, Rural and other Areas",2,5,27,NA
618,25-03-10,Kerala,Alappuzha,"District Office, Alissery Road, Alappuzha",Kerala State Pollution Control Board,"Residential, Rural and other Areas",2,5,135,NA
618,27-03-10,Kerala,Alappuzha,"District Office, Alissery Road, Alappuzha",Kerala State Pollution Control Board,"Residential, Rural and other Areas",2,5,73,NA
618,29-03-10,Kerala,Alappuzha,"District Office, Alissery Road, Alappuzha",Kerala State Pollution Control Board,"Residential, Rural and other Areas",2,5,43,NA
618,4/5/2010,Kerala,Alappuzha,"District Office, Alissery Road, Alappuzha",Kerala State Pollution Control Board,"Residential, Rural and other Areas",2,5,50,NA
618,4/7/2010,Kerala,Alappuzha,"District Office, Alissery Road, Alappuzha",Kerala State Pollution Control Board,"Residential, Rural and other Areas",2,5,42,NA
618,4/12/2010,Kerala,Alappuzha,"District Office, Alissery Road, Alappuzha",Kerala State Pollution Control Board,"Residential, Rural and other Areas",2,5,61,NA
618,17-04-10,Kerala,Alappuzha,"District Office, Alissery Road, Alappuzha",Kerala State Pollution Control Board,"Residential, Rural and other Areas",2,5,31,NA
618,19-04-10,Kerala,Alappuzha,"District Office, Alissery Road, Alappuzha",Kerala State Pollution Control Board,"Residential, Rural and other Areas",2,5,63,NA
618,21-04-10,Kerala,Alappuzha,"District Office, Alissery Road, Alappuzha",Kerala State Pollution Control Board,"Residential, Rural and other Areas",2,5,26,NA
618,23-04-10,Kerala,Alappuzha,"District Office, Alissery Road, Alappuzha",Kerala State Pollution Control Board,"Residential, Rural and other Areas",2,5,30,NA
618,26-04-10,Kerala,Alappuzha,"District Office, Alissery Road, Alappuzha",Kerala State Pollution Control Board,"Residential, Rural and other Areas",2,5,34,NA
618,28-04-10,Kerala,Alappuzha,"District Office, Alissery Road, Alappuzha",Kerala State Pollution Control Board,"Residential, Rural and other Areas",2,5,56,NA
618,30-04-10,Kerala,Alappuzha,"District Office, Alissery Road, Alappuzha",Kerala State Pollution Control Board,"Residential, Rural and other Areas",2,5,28,NA
618,5/4/2010,Kerala,Alappuzha,"District Office, Alissery Road, Alappuzha",Kerala State Pollution Control Board,"Residential, Rural and other Areas",2,5,34,NA
618,5/6/2010,Kerala,Alappuzha,"District Office, Alissery Road, Alappuzha",Kerala State Pollution Control Board,"Residential, Rural and other Areas",2,5,37,NA
618,5/10/2010,Kerala,Alappuzha,"District Office, Alissery Road, Alappuzha",Kerala State Pollution Control Board,"Residential, Rural and other Areas",2,5,38,NA
618,5/12/2010,Kerala,Alappuzha,"District Office, Alissery Road, Alappuzha",Kerala State Pollution Control Board,"Residential, Rural and other Areas",2,5,38,NA
618,14-05-10,Kerala,Alappuzha,"District Office, Alissery Road, Alappuzha",Kerala State Pollution Control Board,"Residential, Rural and other Areas",2,5,20,NA
618,17-05-10,Kerala,Alappuzha,"District Office, Alissery Road, Alappuzha",Kerala State Pollution Control Board,"Residential, Rural and other Areas",2,5,25,NA
618,19-05-10,Kerala,Alappuzha,"District Office, Alissery Road, Alappuzha",Kerala State Pollution Control Board,"Residential, Rural and other Areas",2,5,88,NA
618,22-05-10,Kerala,Alappuzha,"District Office, Alissery Road, Alappuzha",Kerala State Pollution Control Board,"Residential, Rural and other Areas",2,5,26,NA
618,26-05-10,Kerala,Alappuzha,"District Office, Alissery Road, Alappuzha",Kerala State Pollution Control Board,"Residential, Rural and other Areas",2,5,52,NA
618,28-05-10,Kerala,Alappuzha,"District Office, Alissery Road, Alappuzha",Kerala State Pollution Control Board,"Residential, Rural and other Areas",2,5,24,NA
618,6/2/2010,Kerala,Alappuzha,"District Office, Alissery Road, Alappuzha",Kerala State Pollution Control Board,"Residential, Rural and other Areas",2,5,22,NA
618,6/5/2010,Kerala,Alappuzha,"District Office, Alissery Road, Alappuzha",Kerala State Pollution Control Board,"Residential, Rural and other Areas",2,5,20,NA
618,6/7/2010,Kerala,Alappuzha,"District Office, Alissery Road, Alappuzha",Kerala State Pollution Control Board,"Residential, Rural and other Areas",2,5,29,NA
618,6/9/2010,Kerala,Alappuzha,"District Office, Alissery Road, Alappuzha",Kerala State Pollution Control Board,"Residential, Rural and other Areas",2,5,53,NA
618,16-06-10,Kerala,Alappuzha,"District Office, Alissery Road, Alappuzha",Kerala State Pollution Control Board,"Residential, Rural and other Areas",2,5,14,NA
618,18-06-10,Kerala,Alappuzha,"District Office, Alissery Road, Alappuzha",Kerala State Pollution Control Board,"Residential, Rural and other Areas",2,5,19,NA
618,21-06-10,Kerala,Alappuzha,"District Office, Alissery Road, Alappuzha",Kerala State Pollution Control Board,"Residential, Rural and other Areas",2,5,28,NA
618,23-06-10,Kerala,Alappuzha,"District Office, Alissery Road, Alappuzha",Kerala State Pollution Control Board,"Residential, Rural and other Areas",2,5,36,NA
618,25-06-10,Kerala,Alappuzha,"District Office, Alissery Road, Alappuzha",Kerala State Pollution Control Board,"Residential, Rural and other Areas",2,5,23,NA
618,29-06-10,Kerala,Alappuzha,"District Office, Alissery Road, Alappuzha",Kerala State Pollution Control Board,"Residential, Rural and other Areas",2,5,26,NA
618,7/2/2010,Kerala,Alappuzha,"District Office, Alissery Road, Alappuzha",Kerala State Pollution Control Board,"Residential, Rural and other Areas",2,5,26,NA
618,7/5/2010,Kerala,Alappuzha,"District Office, Alissery Road, Alappuzha",Kerala State Pollution Control Board,"Residential, Rural and other Areas",2,5,36,NA
618,7/7/2010,Kerala,Alappuzha,"District Office, Alissery Road, Alappuzha",Kerala State Pollution Control Board,"Residential, Rural and other Areas",2,5,34,NA
618,7/12/2010,Kerala,Alappuzha,"District Office, Alissery Road, Alappuzha",Kerala State Pollution Control Board,"Residential, Rural and other Areas",2,5,24,NA
618,14-07-10,Kerala,Alappuzha,"District Office, Alissery Road, Alappuzha",Kerala State Pollution Control Board,"Residential, Rural and other Areas",2,5,30,NA
618,16-07-10,Kerala,Alappuzha,"District Office, Alissery Road, Alappuzha",Kerala State Pollution Control Board,"Residential, Rural and other Areas",2,5,29,NA
618,19-07-10,Kerala,Alappuzha,"District Office, Alissery Road, Alappuzha",Kerala State Pollution Control Board,"Residential, Rural and other Areas",2,5,25,NA
618,21-07-10,Kerala,Alappuzha,"District Office, Alissery Road, Alappuzha",Kerala State Pollution Control Board,"Residential, Rural and other Areas",2,5,35,NA
618,23-07-10,Kerala,Alappuzha,"District Office, Alissery Road, Alappuzha",Kerala State Pollution Control Board,"Residential, Rural and other Areas",2,5,26,NA
618,27-07-10,Kerala,Alappuzha,"District Office, Alissery Road, Alappuzha",Kerala State Pollution Control Board,"Residential, Rural and other Areas",2,5,17,NA
618,8/2/2010,Kerala,Alappuzha,"District Office, Alissery Road, Alappuzha",Kerala State Pollution Control Board,"Residential, Rural and other Areas",2,5,62,NA
618,8/4/2010,Kerala,Alappuzha,"District Office, Alissery Road, Alappuzha",Kerala State Pollution Control Board,"Residential, Rural and other Areas",2,5,51,NA
618,8/6/2010,Kerala,Alappuzha,"District Office, Alissery Road, Alappuzha",Kerala State Pollution Control Board,"Residential, Rural and other Areas",2,5,30,NA
618,8/11/2010,Kerala,Alappuzha,"District Office, Alissery Road, Alappuzha",Kerala State Pollution Control Board,"Residential, Rural and other Areas",2,5,12,NA
618,13-08-10,Kerala,Alappuzha,"District Office, Alissery Road, Alappuzha",Kerala State Pollution Control Board,"Residential, Rural and other Areas",2,5,14,NA
618,16-08-10,Kerala,Alappuzha,"District Office, Alissery Road, Alappuzha",Kerala State Pollution Control Board,"Residential, Rural and other Areas",2,5,17,NA
618,18-08-10,Kerala,Alappuzha,"District Office, Alissery Road, Alappuzha",Kerala State Pollution Control Board,"Residential, Rural and other Areas",2,5,10,NA
618,20-08-10,Kerala,Alappuzha,"District Office, Alissery Road, Alappuzha",Kerala State Pollution Control Board,"Residential, Rural and other Areas",2,5,9,NA
618,27-08-10,Kerala,Alappuzha,"District Office, Alissery Road, Alappuzha",Kerala State Pollution Control Board,"Residential, Rural and other Areas",2,5,5,NA
618,30-08-10,Kerala,Alappuzha,"District Office, Alissery Road, Alappuzha",Kerala State Pollution Control Board,"Residential, Rural and other Areas",2,5,15,NA
618,9/3/2010,Kerala,Alappuzha,"District Office, Alissery Road, Alappuzha",Kerala State Pollution Control Board,"Residential, Rural and other Areas",2,5,16,NA
618,9/6/2010,Kerala,Alappuzha,"District Office, Alissery Road, Alappuzha",Kerala State Pollution Control Board,"Residential, Rural and other Areas",2,5,28,NA
618,9/8/2010,Kerala,Alappuzha,"District Office, Alissery Road, Alappuzha",Kerala State Pollution Control Board,"Residential, Rural and other Areas",2,5,30,NA
618,13-09-10,Kerala,Alappuzha,"District Office, Alissery Road, Alappuzha",Kerala State Pollution Control Board,"Residential, Rural and other Areas",2,5,44,NA
618,15-09-10,Kerala,Alappuzha,"District Office, Alissery Road, Alappuzha",Kerala State Pollution Control Board,"Residential, Rural and other Areas",2,5,13,NA
618,17-09-10,Kerala,Alappuzha,"District Office, Alissery Road, Alappuzha",Kerala State Pollution Control Board,"Residential, Rural and other Areas",2,5,29,NA
618,23-09-10,Kerala,Alappuzha,"District Office, Alissery Road, Alappuzha",Kerala State Pollution Control Board,"Residential, Rural and other Areas",2,5,20,NA
618,25-09-10,Kerala,Alappuzha,"District Office, Alissery Road, Alappuzha",Kerala State Pollution Control Board,"Residential, Rural and other Areas",2,5,13,NA
618,27-09-10,Kerala,Alappuzha,"District Office, Alissery Road, Alappuzha",Kerala State Pollution Control Board,"Residential, Rural and other Areas",2,5,11,NA
618,29-09-10,Kerala,Alappuzha,"District Office, Alissery Road, Alappuzha",Kerala State Pollution Control Board,"Residential, Rural and other Areas",2,5,19,NA
618,10/4/2010,Kerala,Alappuzha,"District Office, Alissery Road, Alappuzha",Kerala State Pollution Control Board,"Residential, Rural and other Areas",2,5,12,NA
618,10/6/2010,Kerala,Alappuzha,"District Office, Alissery Road, Alappuzha",Kerala State Pollution Control Board,"Residential, Rural and other Areas",2,5,28,NA
618,10/11/2010,Kerala,Alappuzha,"District Office, Alissery Road, Alappuzha",Kerala State Pollution Control Board,"Residential, Rural and other Areas",2,5,42,NA
618,13-10-10,Kerala,Alappuzha,"District Office, Alissery Road, Alappuzha",Kerala State Pollution Control Board,"Residential, Rural and other Areas",2,5,61,NA
618,18-10-10,Kerala,Alappuzha,"District Office, Alissery Road, Alappuzha",Kerala State Pollution Control Board,"Residential, Rural and other Areas",2,5,41,NA
618,20-10-10,Kerala,Alappuzha,"District Office, Alissery Road, Alappuzha",Kerala State Pollution Control Board,"Residential, Rural and other Areas",2,5,36,NA
618,22-10-10,Kerala,Alappuzha,"District Office, Alissery Road, Alappuzha",Kerala State Pollution Control Board,"Residential, Rural and other Areas",2,5,42,NA
618,25-10-10,Kerala,Alappuzha,"District Office, Alissery Road, Alappuzha",Kerala State Pollution Control Board,"Residential, Rural and other Areas",2,5,55,NA
618,27-10-10,Kerala,Alappuzha,"District Office, Alissery Road, Alappuzha",Kerala State Pollution Control Board,"Residential, Rural and other Areas",2,5,30,NA
618,29-10-10,Kerala,Alappuzha,"District Office, Alissery Road, Alappuzha",Kerala State Pollution Control Board,"Residential, Rural and other Areas",2,5,53,NA
618,11/2/2010,Kerala,Alappuzha,"District Office, Alissery Road, Alappuzha",Kerala State Pollution Control Board,"Residential, Rural and other Areas",2,5,53,NA
618,11/6/2010,Kerala,Alappuzha,"District Office, Alissery Road, Alappuzha",Kerala State Pollution Control Board,"Residential, Rural and other Areas",2,5,47,NA
618,11/9/2010,Kerala,Alappuzha,"District Office, Alissery Road, Alappuzha",Kerala State Pollution Control Board,"Residential, Rural and other Areas",2,5,48,NA
618,11/11/2010,Kerala,Alappuzha,"District Office, Alissery Road, Alappuzha",Kerala State Pollution Control Board,"Residential, Rural and other Areas",2,5,43,NA
618,15-11-10,Kerala,Alappuzha,"District Office, Alissery Road, Alappuzha",Kerala State Pollution Control Board,"Residential, Rural and other Areas",2,5,23,NA
618,19-11-10,Kerala,Alappuzha,"District Office, Alissery Road, Alappuzha",Kerala State Pollution Control Board,"Residential, Rural and other Areas",2,5,32,NA
618,22-11-10,Kerala,Alappuzha,"District Office, Alissery Road, Alappuzha",Kerala State Pollution Control Board,"Residential, Rural and other Areas",2,5,29,NA
618,24-11-10,Kerala,Alappuzha,"District Office, Alissery Road, Alappuzha",Kerala State Pollution Control Board,"Residential, Rural and other Areas",2,5,17,NA
618,26-11-10,Kerala,Alappuzha,"District Office, Alissery Road, Alappuzha",Kerala State Pollution Control Board,"Residential, Rural and other Areas",2,5,22,NA
618,29-11-10,Kerala,Alappuzha,"District Office, Alissery Road, Alappuzha",Kerala State Pollution Control Board,"Residential, Rural and other Areas",2,5,17,NA
618,12/2/2010,Kerala,Alappuzha,"District Office, Alissery Road, Alappuzha",Kerala State Pollution Control Board,"Residential, Rural and other Areas",2,5,75,NA
618,12/4/2010,Kerala,Alappuzha,"District Office, Alissery Road, Alappuzha",Kerala State Pollution Control Board,"Residential, Rural and other Areas",2,5,49,NA
618,12/6/2010,Kerala,Alappuzha,"District Office, Alissery Road, Alappuzha",Kerala State Pollution Control Board,"Residential, Rural and other Areas",2,5,33,NA
618,12/8/2010,Kerala,Alappuzha,"District Office, Alissery Road, Alappuzha",Kerala State Pollution Control Board,"Residential, Rural and other Areas",2,5,60,NA
618,14-12-10,Kerala,Alappuzha,"District Office, Alissery Road, Alappuzha",Kerala State Pollution Control Board,"Residential, Rural and other Areas",2,5,58,NA
618,17-12-10,Kerala,Alappuzha,"District Office, Alissery Road, Alappuzha",Kerala State Pollution Control Board,"Residential, Rural and other Areas",2,5,66,NA
618,21-12-10,Kerala,Alappuzha,"District Office, Alissery Road, Alappuzha",Kerala State Pollution Control Board,"Residential, Rural and other Areas",2,5,17,NA
618,23-12-10,Kerala,Alappuzha,"District Office, Alissery Road, Alappuzha",Kerala State Pollution Control Board,"Residential, Rural and other Areas",2,5,31,NA
618,28-12-10,Kerala,Alappuzha,"District Office, Alissery Road, Alappuzha",Kerala State Pollution Control Board,"Residential, Rural and other Areas",2,5,46,NA
618,30-12-10,Kerala,Alappuzha,"District Office, Alissery Road, Alappuzha",Kerala State Pollution Control Board,"Residential, Rural and other Areas",2,5,28,NA
617,1/4/2010,Kerala,Alappuzha,"DC Mills Pathirapally, Alappuzha",Kerala State Pollution Control Board,Industrial Area,2,5,93,NA
617,1/7/2010,Kerala,Alappuzha,"DC Mills Pathirapally, Alappuzha",Kerala State Pollution Control Board,Industrial Area,2,6,174,NA
617,1/11/2010,Kerala,Alappuzha,"DC Mills Pathirapally, Alappuzha",Kerala State Pollution Control Board,Industrial Area,2,5,114,NA
617,13-01-10,Kerala,Alappuzha,"DC Mills Pathirapally, Alappuzha",Kerala State Pollution Control Board,Industrial Area,2,5,125,NA
617,15-01-10,Kerala,Alappuzha,"DC Mills Pathirapally, Alappuzha",Kerala State Pollution Control Board,Industrial Area,2,5,88,NA
617,18-01-10,Kerala,Alappuzha,"DC Mills Pathirapally, Alappuzha",Kerala State Pollution Control Board,Industrial Area,2,5,49,NA
617,20-01-10,Kerala,Alappuzha,"DC Mills Pathirapally, Alappuzha",Kerala State Pollution Control Board,Industrial Area,2,5,88,NA
617,22-01-10,Kerala,Alappuzha,"DC Mills Pathirapally, Alappuzha",Kerala State Pollution Control Board,Industrial Area,2,7,35,NA
617,27-01-10,Kerala,Alappuzha,"DC Mills Pathirapally, Alappuzha",Kerala State Pollution Control Board,Industrial Area,2,5,80,NA
617,29-01-10,Kerala,Alappuzha,"DC Mills Pathirapally, Alappuzha",Kerala State Pollution Control Board,Industrial Area,2,5,35,NA
617,2/2/2010,Kerala,Alappuzha,"DC Mills Pathirapally, Alappuzha",Kerala State Pollution Control Board,Industrial Area,2,5,104,NA
617,2/4/2010,Kerala,Alappuzha,"DC Mills Pathirapally, Alappuzha",Kerala State Pollution Control Board,Industrial Area,2,5,122,NA
617,2/6/2010,Kerala,Alappuzha,"DC Mills Pathirapally, Alappuzha",Kerala State Pollution Control Board,Industrial Area,2,5,123,NA
617,2/8/2010,Kerala,Alappuzha,"DC Mills Pathirapally, Alappuzha",Kerala State Pollution Control Board,Industrial Area,2,6,92,NA
617,2/10/2010,Kerala,Alappuzha,"DC Mills Pathirapally, Alappuzha",Kerala State Pollution Control Board,Industrial Area,2,5,38,NA
617,15-02-10,Kerala,Alappuzha,"DC Mills Pathirapally, Alappuzha",Kerala State Pollution Control Board,Industrial Area,2,5,75,NA
617,17-02-10,Kerala,Alappuzha,"DC Mills Pathirapally, Alappuzha",Kerala State Pollution Control Board,Industrial Area,2,7,80,NA
617,19-02-10,Kerala,Alappuzha,"DC Mills Pathirapally, Alappuzha",Kerala State Pollution Control Board,Industrial Area,2,5,42,NA
617,23-02-10,Kerala,Alappuzha,"DC Mills Pathirapally, Alappuzha",Kerala State Pollution Control Board,Industrial Area,2,5,93,NA
617,25-02-10,Kerala,Alappuzha,"DC Mills Pathirapally, Alappuzha",Kerala State Pollution Control Board,Industrial Area,2,5,45,NA
617,3/5/2010,Kerala,Alappuzha,"DC Mills Pathirapally, Alappuzha",Kerala State Pollution Control Board,Industrial Area,2,8,86,NA
617,3/8/2010,Kerala,Alappuzha,"DC Mills Pathirapally, Alappuzha",Kerala State Pollution Control Board,Industrial Area,2,6,66,NA
617,3/10/2010,Kerala,Alappuzha,"DC Mills Pathirapally, Alappuzha",Kerala State Pollution Control Board,Industrial Area,2,5,93,NA
617,15-03-10,Kerala,Alappuzha,"DC Mills Pathirapally, Alappuzha",Kerala State Pollution Control Board,Industrial Area,2,5,95,NA
617,17-03-10,Kerala,Alappuzha,"DC Mills Pathirapally, Alappuzha",Kerala State Pollution Control Board,Industrial Area,2,5,106,NA
617,19-03-10,Kerala,Alappuzha,"DC Mills Pathirapally, Alappuzha",Kerala State Pollution Control Board,Industrial Area,2,5,71,NA
617,22-03-10,Kerala,Alappuzha,"DC Mills Pathirapally, Alappuzha",Kerala State Pollution Control Board,Industrial Area,2,5,68,NA
617,24-03-10,Kerala,Alappuzha,"DC Mills Pathirapally, Alappuzha",Kerala State Pollution Control Board,Industrial Area,2,5,68,NA
617,26-03-10,Kerala,Alappuzha,"DC Mills Pathirapally, Alappuzha",Kerala State Pollution Control Board,Industrial Area,2,5,41,NA
617,30-03-10,Kerala,Alappuzha,"DC Mills Pathirapally, Alappuzha",Kerala State Pollution Control Board,Industrial Area,2,5,88,NA
617,4/3/2010,Kerala,Alappuzha,"DC Mills Pathirapally, Alappuzha",Kerala State Pollution Control Board,Industrial Area,2,5,65,NA
617,4/6/2010,Kerala,Alappuzha,"DC Mills Pathirapally, Alappuzha",Kerala State Pollution Control Board,Industrial Area,2,5,103,NA
617,4/8/2010,Kerala,Alappuzha,"DC Mills Pathirapally, Alappuzha",Kerala State Pollution Control Board,Industrial Area,2,5,43,NA
617,13-04-10,Kerala,Alappuzha,"DC Mills Pathirapally, Alappuzha",Kerala State Pollution Control Board,Industrial Area,2,5,61,NA
617,16-04-10,Kerala,Alappuzha,"DC Mills Pathirapally, Alappuzha",Kerala State Pollution Control Board,Industrial Area,2,5,58,NA
617,20-04-10,Kerala,Alappuzha,"DC Mills Pathirapally, Alappuzha",Kerala State Pollution Control Board,Industrial Area,2,5,29,NA
617,22-04-10,Kerala,Alappuzha,"DC Mills Pathirapally, Alappuzha",Kerala State Pollution Control Board,Industrial Area,2,5,46,NA
617,24-04-10,Kerala,Alappuzha,"DC Mills Pathirapally, Alappuzha",Kerala State Pollution Control Board,Industrial Area,2,5,24,NA
617,27-04-10,Kerala,Alappuzha,"DC Mills Pathirapally, Alappuzha",Kerala State Pollution Control Board,Industrial Area,2,5,27,NA
617,30-04-10,Kerala,Alappuzha,"DC Mills Pathirapally, Alappuzha",Kerala State Pollution Control Board,Industrial Area,2,5,29,NA
617,5/3/2010,Kerala,Alappuzha,"DC Mills Pathirapally, Alappuzha",Kerala State Pollution Control Board,Industrial Area,2,5,39,NA
617,5/5/2010,Kerala,Alappuzha,"DC Mills Pathirapally, Alappuzha",Kerala State Pollution Control Board,Industrial Area,2,5,34,NA
617,5/11/2010,Kerala,Alappuzha,"DC Mills Pathirapally, Alappuzha",Kerala State Pollution Control Board,Industrial Area,2,5,41,NA
617,13-05-10,Kerala,Alappuzha,"DC Mills Pathirapally, Alappuzha",Kerala State Pollution Control Board,Industrial Area,2,5,57,NA
617,18-05-10,Kerala,Alappuzha,"DC Mills Pathirapally, Alappuzha",Kerala State Pollution Control Board,Industrial Area,2,5,23,NA
617,20-05-10,Kerala,Alappuzha,"DC Mills Pathirapally, Alappuzha",Kerala State Pollution Control Board,Industrial Area,2,5,26,NA
617,25-05-10,Kerala,Alappuzha,"DC Mills Pathirapally, Alappuzha",Kerala State Pollution Control Board,Industrial Area,2,5,48,NA
617,27-05-10,Kerala,Alappuzha,"DC Mills Pathirapally, Alappuzha",Kerala State Pollution Control Board,Industrial Area,2,5,44,NA
617,29-05-10,Kerala,Alappuzha,"DC Mills Pathirapally, Alappuzha",Kerala State Pollution Control Board,Industrial Area,2,5,45,NA
617,31-05-10,Kerala,Alappuzha,"DC Mills Pathirapally, Alappuzha",Kerala State Pollution Control Board,Industrial Area,2,5,71,NA
617,6/3/2010,Kerala,Alappuzha,"DC Mills Pathirapally, Alappuzha",Kerala State Pollution Control Board,Industrial Area,2,5,38,NA
617,6/8/2010,Kerala,Alappuzha,"DC Mills Pathirapally, Alappuzha",Kerala State Pollution Control Board,Industrial Area,2,5,26,NA
617,6/10/2010,Kerala,Alappuzha,"DC Mills Pathirapally, Alappuzha",Kerala State Pollution Control Board,Industrial Area,2,5,21,NA
617,15-06-10,Kerala,Alappuzha,"DC Mills Pathirapally, Alappuzha",Kerala State Pollution Control Board,Industrial Area,2,5,43,NA
617,17-06-10,Kerala,Alappuzha,"DC Mills Pathirapally, Alappuzha",Kerala State Pollution Control Board,Industrial Area,2,5,32,NA
617,22-06-10,Kerala,Alappuzha,"DC Mills Pathirapally, Alappuzha",Kerala State Pollution Control Board,Industrial Area,2,5,12,NA
617,24-06-10,Kerala,Alappuzha,"DC Mills Pathirapally, Alappuzha",Kerala State Pollution Control Board,Industrial Area,2,5,40,NA
617,26-06-10,Kerala,Alappuzha,"DC Mills Pathirapally, Alappuzha",Kerala State Pollution Control Board,Industrial Area,2,5,114,NA
617,28-06-10,Kerala,Alappuzha,"DC Mills Pathirapally, Alappuzha",Kerala State Pollution Control Board,Industrial Area,2,5,24,NA
617,30-06-10,Kerala,Alappuzha,"DC Mills Pathirapally, Alappuzha",Kerala State Pollution Control Board,Industrial Area,2,5,24,NA
617,7/3/2010,Kerala,Alappuzha,"DC Mills Pathirapally, Alappuzha",Kerala State Pollution Control Board,Industrial Area,2,5,25,NA
617,7/6/2010,Kerala,Alappuzha,"DC Mills Pathirapally, Alappuzha",Kerala State Pollution Control Board,Industrial Area,2,5,13,NA
617,7/8/2010,Kerala,Alappuzha,"DC Mills Pathirapally, Alappuzha",Kerala State Pollution Control Board,Industrial Area,2,5,10,NA
617,13-07-10,Kerala,Alappuzha,"DC Mills Pathirapally, Alappuzha",Kerala State Pollution Control Board,Industrial Area,2,5,7,NA
617,20-07-10,Kerala,Alappuzha,"DC Mills Pathirapally, Alappuzha",Kerala State Pollution Control Board,Industrial Area,2,5,22,NA
617,22-07-10,Kerala,Alappuzha,"DC Mills Pathirapally, Alappuzha",Kerala State Pollution Control Board,Industrial Area,2,5,26,NA
617,24-07-10,Kerala,Alappuzha,"DC Mills Pathirapally, Alappuzha",Kerala State Pollution Control Board,Industrial Area,2,5,12,NA
617,26-07-10,Kerala,Alappuzha,"DC Mills Pathirapally, Alappuzha",Kerala State Pollution Control Board,Industrial Area,2,5,43,NA
617,28-07-10,Kerala,Alappuzha,"DC Mills Pathirapally, Alappuzha",Kerala State Pollution Control Board,Industrial Area,2,5,46,NA
617,30-07-10,Kerala,Alappuzha,"DC Mills Pathirapally, Alappuzha",Kerala State Pollution Control Board,Industrial Area,2,5,25,NA
617,8/3/2010,Kerala,Alappuzha,"DC Mills Pathirapally, Alappuzha",Kerala State Pollution Control Board,Industrial Area,2,5,48,NA
617,8/5/2010,Kerala,Alappuzha,"DC Mills Pathirapally, Alappuzha",Kerala State Pollution Control Board,Industrial Area,2,5,28,NA
617,8/7/2010,Kerala,Alappuzha,"DC Mills Pathirapally, Alappuzha",Kerala State Pollution Control Board,Industrial Area,2,5,34,NA
617,8/10/2010,Kerala,Alappuzha,"DC Mills Pathirapally, Alappuzha",Kerala State Pollution Control Board,Industrial Area,2,5,13,NA
617,8/12/2010,Kerala,Alappuzha,"DC Mills Pathirapally, Alappuzha",Kerala State Pollution Control Board,Industrial Area,2,5,12,NA
617,17-08-10,Kerala,Alappuzha,"DC Mills Pathirapally, Alappuzha",Kerala State Pollution Control Board,Industrial Area,2,5,32,NA
617,19-08-10,Kerala,Alappuzha,"DC Mills Pathirapally, Alappuzha",Kerala State Pollution Control Board,Industrial Area,2,5,28,NA
617,26-08-10,Kerala,Alappuzha,"DC Mills Pathirapally, Alappuzha",Kerala State Pollution Control Board,Industrial Area,2,5,8,NA
617,28-08-10,Kerala,Alappuzha,"DC Mills Pathirapally, Alappuzha",Kerala State Pollution Control Board,Industrial Area,2,5,27,NA
617,31-08-10,Kerala,Alappuzha,"DC Mills Pathirapally, Alappuzha",Kerala State Pollution Control Board,Industrial Area,2,5,24,NA
617,9/2/2010,Kerala,Alappuzha,"DC Mills Pathirapally, Alappuzha",Kerala State Pollution Control Board,Industrial Area,2,5,22,NA
617,9/4/2010,Kerala,Alappuzha,"DC Mills Pathirapally, Alappuzha",Kerala State Pollution Control Board,Industrial Area,2,5,53,NA
617,9/7/2010,Kerala,Alappuzha,"DC Mills Pathirapally, Alappuzha",Kerala State Pollution Control Board,Industrial Area,2,5,25,NA
617,14-09-10,Kerala,Alappuzha,"DC Mills Pathirapally, Alappuzha",Kerala State Pollution Control Board,Industrial Area,2,5,28,NA
617,16-09-10,Kerala,Alappuzha,"DC Mills Pathirapally, Alappuzha",Kerala State Pollution Control Board,Industrial Area,2,5,68,NA
617,18-09-10,Kerala,Alappuzha,"DC Mills Pathirapally, Alappuzha",Kerala State Pollution Control Board,Industrial Area,2,5,11,NA
617,22-09-10,Kerala,Alappuzha,"DC Mills Pathirapally, Alappuzha",Kerala State Pollution Control Board,Industrial Area,2,5,25,NA
617,24-09-10,Kerala,Alappuzha,"DC Mills Pathirapally, Alappuzha",Kerala State Pollution Control Board,Industrial Area,2,5,9,NA
617,28-09-10,Kerala,Alappuzha,"DC Mills Pathirapally, Alappuzha",Kerala State Pollution Control Board,Industrial Area,2,5,7,NA
617,30-09-10,Kerala,Alappuzha,"DC Mills Pathirapally, Alappuzha",Kerala State Pollution Control Board,Industrial Area,2,5,22,NA
617,10/5/2010,Kerala,Alappuzha,"DC Mills Pathirapally, Alappuzha",Kerala State Pollution Control Board,Industrial Area,2,5,31,NA
617,10/7/2010,Kerala,Alappuzha,"DC Mills Pathirapally, Alappuzha",Kerala State Pollution Control Board,Industrial Area,2,5,60,NA
617,10/12/2010,Kerala,Alappuzha,"DC Mills Pathirapally, Alappuzha",Kerala State Pollution Control Board,Industrial Area,2,5,66,NA
617,14-10-10,Kerala,Alappuzha,"DC Mills Pathirapally, Alappuzha",Kerala State Pollution Control Board,Industrial Area,2,5,31,NA
617,19-10-10,Kerala,Alappuzha,"DC Mills Pathirapally, Alappuzha",Kerala State Pollution Control Board,Industrial Area,2,5,24,NA
617,21-10-10,Kerala,Alappuzha,"DC Mills Pathirapally, Alappuzha",Kerala State Pollution Control Board,Industrial Area,2,5,18,NA
617,23-10-10,Kerala,Alappuzha,"DC Mills Pathirapally, Alappuzha",Kerala State Pollution Control Board,Industrial Area,2,5,25,NA
617,26-10-10,Kerala,Alappuzha,"DC Mills Pathirapally, Alappuzha",Kerala State Pollution Control Board,Industrial Area,2,5,51,NA
617,28-10-10,Kerala,Alappuzha,"DC Mills Pathirapally, Alappuzha",Kerala State Pollution Control Board,Industrial Area,2,5,31,NA
617,30-10-10,Kerala,Alappuzha,"DC Mills Pathirapally, Alappuzha",Kerala State Pollution Control Board,Industrial Area,2,5,27,NA
617,11/1/2010,Kerala,Alappuzha,"DC Mills Pathirapally, Alappuzha",Kerala State Pollution Control Board,Industrial Area,2,5,42,NA
617,11/3/2010,Kerala,Alappuzha,"DC Mills Pathirapally, Alappuzha",Kerala State Pollution Control Board,Industrial Area,2,5,63,NA
617,11/8/2010,Kerala,Alappuzha,"DC Mills Pathirapally, Alappuzha",Kerala State Pollution Control Board,Industrial Area,2,5,23,NA
617,11/10/2010,Kerala,Alappuzha,"DC Mills Pathirapally, Alappuzha",Kerala State Pollution Control Board,Industrial Area,2,5,46,NA
617,18-11-10,Kerala,Alappuzha,"DC Mills Pathirapally, Alappuzha",Kerala State Pollution Control Board,Industrial Area,2,5,67,NA
617,20-11-10,Kerala,Alappuzha,"DC Mills Pathirapally, Alappuzha",Kerala State Pollution Control Board,Industrial Area,2,5,27,NA
617,23-11-10,Kerala,Alappuzha,"DC Mills Pathirapally, Alappuzha",Kerala State Pollution Control Board,Industrial Area,2,5,17,NA
617,25-11-10,Kerala,Alappuzha,"DC Mills Pathirapally, Alappuzha",Kerala State Pollution Control Board,Industrial Area,2,5,14,NA
617,27-11-10,Kerala,Alappuzha,"DC Mills Pathirapally, Alappuzha",Kerala State Pollution Control Board,Industrial Area,2,5,20,NA
617,30-11-10,Kerala,Alappuzha,"DC Mills Pathirapally, Alappuzha",Kerala State Pollution Control Board,Industrial Area,2,5,44,NA
617,12/1/2010,Kerala,Alappuzha,"DC Mills Pathirapally, Alappuzha",Kerala State Pollution Control Board,Industrial Area,2,5,88,NA
617,12/3/2010,Kerala,Alappuzha,"DC Mills Pathirapally, Alappuzha",Kerala State Pollution Control Board,Industrial Area,2,5,70,NA
617,12/7/2010,Kerala,Alappuzha,"DC Mills Pathirapally, Alappuzha",Kerala State Pollution Control Board,Industrial Area,2,5,53,NA
617,12/9/2010,Kerala,Alappuzha,"DC Mills Pathirapally, Alappuzha",Kerala State Pollution Control Board,Industrial Area,2,5,84,NA
617,13-12-10,Kerala,Alappuzha,"DC Mills Pathirapally, Alappuzha",Kerala State Pollution Control Board,Industrial Area,2,5,57,NA
617,15-12-10,Kerala,Alappuzha,"DC Mills Pathirapally, Alappuzha",Kerala State Pollution Control Board,Industrial Area,2,5,87,NA
617,18-12-10,Kerala,Alappuzha,"DC Mills Pathirapally, Alappuzha",Kerala State Pollution Control Board,Industrial Area,2,5,58,NA
617,20-12-10,Kerala,Alappuzha,"DC Mills Pathirapally, Alappuzha",Kerala State Pollution Control Board,Industrial Area,2,5,21,NA
617,22-12-10,Kerala,Alappuzha,"DC Mills Pathirapally, Alappuzha",Kerala State Pollution Control Board,Industrial Area,2,5,31,NA
617,27-12-10,Kerala,Alappuzha,"DC Mills Pathirapally, Alappuzha",Kerala State Pollution Control Board,Industrial Area,2,5,65,NA
149,1/3/2010,Kerala,Kochi,"FACT Udyogmandal, Ambalamughal, Kochi",National Environmental Engineering Research Institute,Industrial Area,2,8,37,NA
149,1/7/2010,Kerala,Kochi,"FACT Udyogmandal, Ambalamughal, Kochi",National Environmental Engineering Research Institute,Industrial Area,2,5,13,NA
149,1/11/2010,Kerala,Kochi,"FACT Udyogmandal, Ambalamughal, Kochi",National Environmental Engineering Research Institute,Industrial Area,2,8,10,NA
149,15-01-10,Kerala,Kochi,"FACT Udyogmandal, Ambalamughal, Kochi",National Environmental Engineering Research Institute,Industrial Area,2,11,12,NA
149,19-01-10,Kerala,Kochi,"FACT Udyogmandal, Ambalamughal, Kochi",National Environmental Engineering Research Institute,Industrial Area,2,11,214,NA
149,23-01-10,Kerala,Kochi,"FACT Udyogmandal, Ambalamughal, Kochi",National Environmental Engineering Research Institute,Industrial Area,2,7,23,NA
149,27-01-10,Kerala,Kochi,"FACT Udyogmandal, Ambalamughal, Kochi",National Environmental Engineering Research Institute,Industrial Area,2,6,21,NA
149,31-01-10,Kerala,Kochi,"FACT Udyogmandal, Ambalamughal, Kochi",National Environmental Engineering Research Institute,Industrial Area,2,5,45,NA
149,2/2/2010,Kerala,Kochi,"FACT Udyogmandal, Ambalamughal, Kochi",National Environmental Engineering Research Institute,Industrial Area,2,6,71,NA
149,2/5/2010,Kerala,Kochi,"FACT Udyogmandal, Ambalamughal, Kochi",National Environmental Engineering Research Institute,Industrial Area,2,5,39,NA
149,2/8/2010,Kerala,Kochi,"FACT Udyogmandal, Ambalamughal, Kochi",National Environmental Engineering Research Institute,Industrial Area,2,5,22,NA
149,2/11/2010,Kerala,Kochi,"FACT Udyogmandal, Ambalamughal, Kochi",National Environmental Engineering Research Institute,Industrial Area,2,6,70,NA
149,15-02-10,Kerala,Kochi,"FACT Udyogmandal, Ambalamughal, Kochi",National Environmental Engineering Research Institute,Industrial Area,2,5,29,NA
149,19-02-10,Kerala,Kochi,"FACT Udyogmandal, Ambalamughal, Kochi",National Environmental Engineering Research Institute,Industrial Area,2,5,41,NA
149,23-02-10,Kerala,Kochi,"FACT Udyogmandal, Ambalamughal, Kochi",National Environmental Engineering Research Institute,Industrial Area,2,7,44,NA
149,3/2/2010,Kerala,Kochi,"FACT Udyogmandal, Ambalamughal, Kochi",National Environmental Engineering Research Institute,Industrial Area,2,8,47,NA
149,3/6/2010,Kerala,Kochi,"FACT Udyogmandal, Ambalamughal, Kochi",National Environmental Engineering Research Institute,Industrial Area,2,8,29,NA
149,3/10/2010,Kerala,Kochi,"FACT Udyogmandal, Ambalamughal, Kochi",National Environmental Engineering Research Institute,Industrial Area,2,5,42,NA
149,14-03-10,Kerala,Kochi,"FACT Udyogmandal, Ambalamughal, Kochi",National Environmental Engineering Research Institute,Industrial Area,2,7,32,NA
149,18-03-10,Kerala,Kochi,"FACT Udyogmandal, Ambalamughal, Kochi",National Environmental Engineering Research Institute,Industrial Area,2,6,21,NA
149,22-03-10,Kerala,Kochi,"FACT Udyogmandal, Ambalamughal, Kochi",National Environmental Engineering Research Institute,Industrial Area,2,6,22,NA
149,26-03-10,Kerala,Kochi,"FACT Udyogmandal, Ambalamughal, Kochi",National Environmental Engineering Research Institute,Industrial Area,2,5,24,NA
149,30-03-10,Kerala,Kochi,"FACT Udyogmandal, Ambalamughal, Kochi",National Environmental Engineering Research Institute,Industrial Area,2,5,49,NA
149,4/5/2010,Kerala,Kochi,"FACT Udyogmandal, Ambalamughal, Kochi",National Environmental Engineering Research Institute,Industrial Area,2,5,11,NA
149,4/9/2010,Kerala,Kochi,"FACT Udyogmandal, Ambalamughal, Kochi",National Environmental Engineering Research Institute,Industrial Area,2,5,17,NA
149,4/12/2010,Kerala,Kochi,"FACT Udyogmandal, Ambalamughal, Kochi",National Environmental Engineering Research Institute,Industrial Area,2,6,15,NA
149,16-04-10,Kerala,Kochi,"FACT Udyogmandal, Ambalamughal, Kochi",National Environmental Engineering Research Institute,Industrial Area,2,5,16,NA
149,20-04-10,Kerala,Kochi,"FACT Udyogmandal, Ambalamughal, Kochi",National Environmental Engineering Research Institute,Industrial Area,2,5,21,NA
149,24-04-10,Kerala,Kochi,"FACT Udyogmandal, Ambalamughal, Kochi",National Environmental Engineering Research Institute,Industrial Area,2,5,27,NA
149,5/3/2010,Kerala,Kochi,"FACT Udyogmandal, Ambalamughal, Kochi",National Environmental Engineering Research Institute,Industrial Area,2,5,19,NA
149,5/6/2010,Kerala,Kochi,"FACT Udyogmandal, Ambalamughal, Kochi",National Environmental Engineering Research Institute,Industrial Area,2,5,16,NA
149,5/11/2010,Kerala,Kochi,"FACT Udyogmandal, Ambalamughal, Kochi",National Environmental Engineering Research Institute,Industrial Area,2,5,28,NA
149,14-05-10,Kerala,Kochi,"FACT Udyogmandal, Ambalamughal, Kochi",National Environmental Engineering Research Institute,Industrial Area,2,5,43,NA
149,18-05-10,Kerala,Kochi,"FACT Udyogmandal, Ambalamughal, Kochi",National Environmental Engineering Research Institute,Industrial Area,2,5,13,NA
149,21-05-10,Kerala,Kochi,"FACT Udyogmandal, Ambalamughal, Kochi",National Environmental Engineering Research Institute,Industrial Area,2,5,43,NA
149,6/1/2010,Kerala,Kochi,"FACT Udyogmandal, Ambalamughal, Kochi",National Environmental Engineering Research Institute,Industrial Area,2,5,27,NA
149,6/4/2010,Kerala,Kochi,"FACT Udyogmandal, Ambalamughal, Kochi",National Environmental Engineering Research Institute,Industrial Area,2,5,35,NA
149,6/8/2010,Kerala,Kochi,"FACT Udyogmandal, Ambalamughal, Kochi",National Environmental Engineering Research Institute,Industrial Area,2,5,17,NA
149,6/11/2010,Kerala,Kochi,"FACT Udyogmandal, Ambalamughal, Kochi",National Environmental Engineering Research Institute,Industrial Area,2,5,12,NA
149,15-06-10,Kerala,Kochi,"FACT Udyogmandal, Ambalamughal, Kochi",National Environmental Engineering Research Institute,Industrial Area,2,5,33,NA
149,18-06-10,Kerala,Kochi,"FACT Udyogmandal, Ambalamughal, Kochi",National Environmental Engineering Research Institute,Industrial Area,2,5,30,NA
149,22-06-10,Kerala,Kochi,"FACT Udyogmandal, Ambalamughal, Kochi",National Environmental Engineering Research Institute,Industrial Area,2,5,28,NA
149,7/5/2010,Kerala,Kochi,"FACT Udyogmandal, Ambalamughal, Kochi",National Environmental Engineering Research Institute,Industrial Area,2,6,21,NA
149,7/8/2010,Kerala,Kochi,"FACT Udyogmandal, Ambalamughal, Kochi",National Environmental Engineering Research Institute,Industrial Area,2,5,17,NA
149,13-07-10,Kerala,Kochi,"FACT Udyogmandal, Ambalamughal, Kochi",National Environmental Engineering Research Institute,Industrial Area,2,6,20,NA
149,16-07-10,Kerala,Kochi,"FACT Udyogmandal, Ambalamughal, Kochi",National Environmental Engineering Research Institute,Industrial Area,2,5,18,NA
149,19-07-10,Kerala,Kochi,"FACT Udyogmandal, Ambalamughal, Kochi",National Environmental Engineering Research Institute,Industrial Area,3,6,17,NA
149,22-07-10,Kerala,Kochi,"FACT Udyogmandal, Ambalamughal, Kochi",National Environmental Engineering Research Institute,Industrial Area,2,5,28,NA
149,27-07-10,Kerala,Kochi,"FACT Udyogmandal, Ambalamughal, Kochi",National Environmental Engineering Research Institute,Industrial Area,2,5,18,NA
149,30-07-10,Kerala,Kochi,"FACT Udyogmandal, Ambalamughal, Kochi",National Environmental Engineering Research Institute,Industrial Area,2,5,21,NA
149,8/3/2010,Kerala,Kochi,"FACT Udyogmandal, Ambalamughal, Kochi",National Environmental Engineering Research Institute,Industrial Area,2,5,13,NA
149,8/6/2010,Kerala,Kochi,"FACT Udyogmandal, Ambalamughal, Kochi",National Environmental Engineering Research Institute,Industrial Area,2,5,21,NA
149,8/10/2010,Kerala,Kochi,"FACT Udyogmandal, Ambalamughal, Kochi",National Environmental Engineering Research Institute,Industrial Area,2,5,22,NA
149,13-08-10,Kerala,Kochi,"FACT Udyogmandal, Ambalamughal, Kochi",National Environmental Engineering Research Institute,Industrial Area,2,5,23,NA
149,17-08-10,Kerala,Kochi,"FACT Udyogmandal, Ambalamughal, Kochi",National Environmental Engineering Research Institute,Industrial Area,2,5,21,NA
149,20-08-10,Kerala,Kochi,"FACT Udyogmandal, Ambalamughal, Kochi",National Environmental Engineering Research Institute,Industrial Area,2,5,19,NA
149,24-08-10,Kerala,Kochi,"FACT Udyogmandal, Ambalamughal, Kochi",National Environmental Engineering Research Institute,Industrial Area,2,5,19,NA
149,27-08-10,Kerala,Kochi,"FACT Udyogmandal, Ambalamughal, Kochi",National Environmental Engineering Research Institute,Industrial Area,2,5,19,NA
149,9/3/2010,Kerala,Kochi,"FACT Udyogmandal, Ambalamughal, Kochi",National Environmental Engineering Research Institute,Industrial Area,2,5,12,NA
149,9/7/2010,Kerala,Kochi,"FACT Udyogmandal, Ambalamughal, Kochi",National Environmental Engineering Research Institute,Industrial Area,2,5,23,NA
149,9/10/2010,Kerala,Kochi,"FACT Udyogmandal, Ambalamughal, Kochi",National Environmental Engineering Research Institute,Industrial Area,2,5,23,NA
149,14-09-10,Kerala,Kochi,"FACT Udyogmandal, Ambalamughal, Kochi",National Environmental Engineering Research Institute,Industrial Area,2,5,11,NA
149,17-09-10,Kerala,Kochi,"FACT Udyogmandal, Ambalamughal, Kochi",National Environmental Engineering Research Institute,Industrial Area,2,5,12,NA
149,21-09-10,Kerala,Kochi,"FACT Udyogmandal, Ambalamughal, Kochi",National Environmental Engineering Research Institute,Industrial Area,3,5,18,NA
149,25-09-10,Kerala,Kochi,"FACT Udyogmandal, Ambalamughal, Kochi",National Environmental Engineering Research Institute,Industrial Area,2,5,23,NA
149,28-09-10,Kerala,Kochi,"FACT Udyogmandal, Ambalamughal, Kochi",National Environmental Engineering Research Institute,Industrial Area,2,5,24,NA
149,10/4/2010,Kerala,Kochi,"FACT Udyogmandal, Ambalamughal, Kochi",National Environmental Engineering Research Institute,Industrial Area,2,5,9,NA
149,10/8/2010,Kerala,Kochi,"FACT Udyogmandal, Ambalamughal, Kochi",National Environmental Engineering Research Institute,Industrial Area,3,5,12,NA
149,10/12/2010,Kerala,Kochi,"FACT Udyogmandal, Ambalamughal, Kochi",National Environmental Engineering Research Institute,Industrial Area,2,5,11,NA
149,16-10-10,Kerala,Kochi,"FACT Udyogmandal, Ambalamughal, Kochi",National Environmental Engineering Research Institute,Industrial Area,2,5,12,NA
149,19-10-10,Kerala,Kochi,"FACT Udyogmandal, Ambalamughal, Kochi",National Environmental Engineering Research Institute,Industrial Area,2,5,15,NA
149,22-10-10,Kerala,Kochi,"FACT Udyogmandal, Ambalamughal, Kochi",National Environmental Engineering Research Institute,Industrial Area,2,5,17,NA
149,25-10-10,Kerala,Kochi,"FACT Udyogmandal, Ambalamughal, Kochi",National Environmental Engineering Research Institute,Industrial Area,2,6,19,NA
149,29-10-10,Kerala,Kochi,"FACT Udyogmandal, Ambalamughal, Kochi",National Environmental Engineering Research Institute,Industrial Area,2,5,14,NA
149,11/1/2010,Kerala,Kochi,"FACT Udyogmandal, Ambalamughal, Kochi",National Environmental Engineering Research Institute,Industrial Area,2,5,12,NA
149,11/4/2010,Kerala,Kochi,"FACT Udyogmandal, Ambalamughal, Kochi",National Environmental Engineering Research Institute,Industrial Area,2,5,22,NA
149,11/8/2010,Kerala,Kochi,"FACT Udyogmandal, Ambalamughal, Kochi",National Environmental Engineering Research Institute,Industrial Area,2,6,20,NA
149,11/11/2010,Kerala,Kochi,"FACT Udyogmandal, Ambalamughal, Kochi",National Environmental Engineering Research Institute,Industrial Area,2,5,23,NA
149,15-11-10,Kerala,Kochi,"FACT Udyogmandal, Ambalamughal, Kochi",National Environmental Engineering Research Institute,Industrial Area,2,5,15,NA
149,18-11-10,Kerala,Kochi,"FACT Udyogmandal, Ambalamughal, Kochi",National Environmental Engineering Research Institute,Industrial Area,2,5,21,NA
149,22-11-10,Kerala,Kochi,"FACT Udyogmandal, Ambalamughal, Kochi",National Environmental Engineering Research Institute,Industrial Area,2,5,14,NA
149,26-11-10,Kerala,Kochi,"FACT Udyogmandal, Ambalamughal, Kochi",National Environmental Engineering Research Institute,Industrial Area,2,5,20,NA
149,12/6/2010,Kerala,Kochi,"FACT Udyogmandal, Ambalamughal, Kochi",National Environmental Engineering Research Institute,Industrial Area,2,5,14,NA
149,12/9/2010,Kerala,Kochi,"FACT Udyogmandal, Ambalamughal, Kochi",National Environmental Engineering Research Institute,Industrial Area,2,5,12,NA
149,14-12-10,Kerala,Kochi,"FACT Udyogmandal, Ambalamughal, Kochi",National Environmental Engineering Research Institute,Industrial Area,2,6,9,NA
149,17-12-10,Kerala,Kochi,"FACT Udyogmandal, Ambalamughal, Kochi",National Environmental Engineering Research Institute,Industrial Area,2,5,16,NA
149,21-12-10,Kerala,Kochi,"FACT Udyogmandal, Ambalamughal, Kochi",National Environmental Engineering Research Institute,Industrial Area,2,5,12,NA
149,24-12-10,Kerala,Kochi,"FACT Udyogmandal, Ambalamughal, Kochi",National Environmental Engineering Research Institute,Industrial Area,2,5,13,NA
149,27-12-10,Kerala,Kochi,"FACT Udyogmandal, Ambalamughal, Kochi",National Environmental Engineering Research Institute,Industrial Area,2,5,18,NA
149,30-12-10,Kerala,Kochi,"FACT Udyogmandal, Ambalamughal, Kochi",National Environmental Engineering Research Institute,Industrial Area,2,5,17,NA
29,1/3/2010,Kerala,Kochi,"Eloor, Kochi",Kerala State Pollution Control Board,Industrial Area,2.35,12.48333333,33.33333333,NA
29,1/7/2010,Kerala,Kochi,"Eloor, Kochi",Kerala State Pollution Control Board,Industrial Area,2,12.23333333,17,NA
29,1/11/2010,Kerala,Kochi,"Eloor, Kochi",Kerala State Pollution Control Board,Industrial Area,2,7.433333333,12,NA
29,15-01-10,Kerala,Kochi,"Eloor, Kochi",Kerala State Pollution Control Board,Industrial Area,2.366666667,12.40333333,17.66666667,NA
29,19-01-10,Kerala,Kochi,"Eloor, Kochi",Kerala State Pollution Control Board,Industrial Area,2,9.783333333,27,NA
29,23-01-10,Kerala,Kochi,"Eloor, Kochi",Kerala State Pollution Control Board,Industrial Area,2,10.71666667,15,NA
29,27-01-10,Kerala,Kochi,"Eloor, Kochi",Kerala State Pollution Control Board,Industrial Area,2,6.316666667,46,NA
29,31-01-10,Kerala,Kochi,"Eloor, Kochi",Kerala State Pollution Control Board,Industrial Area,2,6.916666667,35,NA
29,2/2/2010,Kerala,Kochi,"Eloor, Kochi",Kerala State Pollution Control Board,Industrial Area,3.166666667,6.266666667,49.33333333,NA
29,2/5/2010,Kerala,Kochi,"Eloor, Kochi",Kerala State Pollution Control Board,Industrial Area,2,6.333333333,51.66666667,NA
29,2/8/2010,Kerala,Kochi,"Eloor, Kochi",Kerala State Pollution Control Board,Industrial Area,2,8.516666667,34.66666667,NA
29,2/11/2010,Kerala,Kochi,"Eloor, Kochi",Kerala State Pollution Control Board,Industrial Area,2,5.266666667,21.66666667,NA
29,15-02-10,Kerala,Kochi,"Eloor, Kochi",Kerala State Pollution Control Board,Industrial Area,2,9.433333333,186.3333333,NA
29,19-02-10,Kerala,Kochi,"Eloor, Kochi",Kerala State Pollution Control Board,Industrial Area,2.4,7.145,25.33333333,NA
29,23-02-10,Kerala,Kochi,"Eloor, Kochi",Kerala State Pollution Control Board,Industrial Area,2.35,6.05,20.33333333,NA
29,27-02-10,Kerala,Kochi,"Eloor, Kochi",Kerala State Pollution Control Board,Industrial Area,2,6.133333333,28.33333333,NA
29,3/2/2010,Kerala,Kochi,"Eloor, Kochi",Kerala State Pollution Control Board,Industrial Area,2,5.253333333,37.33333333,NA
29,3/6/2010,Kerala,Kochi,"Eloor, Kochi",Kerala State Pollution Control Board,Industrial Area,2,5.266666667,17.66666667,NA
29,3/10/2010,Kerala,Kochi,"Eloor, Kochi",Kerala State Pollution Control Board,Industrial Area,2,5.386666667,21.33333333,NA
29,14-03-10,Kerala,Kochi,"Eloor, Kochi",Kerala State Pollution Control Board,Industrial Area,2,5.35,26,NA
29,18-03-10,Kerala,Kochi,"Eloor, Kochi",Kerala State Pollution Control Board,Industrial Area,2,6.666666667,52,NA
29,22-03-10,Kerala,Kochi,"Eloor, Kochi",Kerala State Pollution Control Board,Industrial Area,2,8.183333333,38.33333333,NA
29,26-03-10,Kerala,Kochi,"Eloor, Kochi",Kerala State Pollution Control Board,Industrial Area,2,5.283333333,20,NA
29,30-03-10,Kerala,Kochi,"Eloor, Kochi",Kerala State Pollution Control Board,Industrial Area,2,4.5,31.66666667,NA
29,4/5/2010,Kerala,Kochi,"Eloor, Kochi",Kerala State Pollution Control Board,Industrial Area,2.413333333,5.25,12.33333333,NA
29,4/9/2010,Kerala,Kochi,"Eloor, Kochi",Kerala State Pollution Control Board,Industrial Area,2.45,5.25,43.33333333,NA
29,4/12/2010,Kerala,Kochi,"Eloor, Kochi",Kerala State Pollution Control Board,Industrial Area,2,7.25,68.66666667,NA
29,16-04-10,Kerala,Kochi,"Eloor, Kochi",Kerala State Pollution Control Board,Industrial Area,2,7.45,76.33333333,NA
29,20-04-10,Kerala,Kochi,"Eloor, Kochi",Kerala State Pollution Control Board,Industrial Area,2.35,6.266666667,55,NA
29,24-04-10,Kerala,Kochi,"Eloor, Kochi",Kerala State Pollution Control Board,Industrial Area,2.735,7.625,82.33333333,NA
29,5/3/2010,Kerala,Kochi,"Eloor, Kochi",Kerala State Pollution Control Board,Industrial Area,2.366666667,7.116666667,40.33333333,NA
29,5/6/2010,Kerala,Kochi,"Eloor, Kochi",Kerala State Pollution Control Board,Industrial Area,2.366666667,6.133333333,34,NA
29,5/11/2010,Kerala,Kochi,"Eloor, Kochi",Kerala State Pollution Control Board,Industrial Area,2.4,6.183333333,61.33333333,NA
29,14-05-10,Kerala,Kochi,"Eloor, Kochi",Kerala State Pollution Control Board,Industrial Area,2,6.05,48.33333333,NA
29,18-05-10,Kerala,Kochi,"Eloor, Kochi",Kerala State Pollution Control Board,Industrial Area,2,4.5,18,NA
29,21-05-10,Kerala,Kochi,"Eloor, Kochi",Kerala State Pollution Control Board,Industrial Area,2.348333333,7.016666667,66,NA
29,6/1/2010,Kerala,Kochi,"Eloor, Kochi",Kerala State Pollution Control Board,Industrial Area,2.346666667,6.116666667,35.33333333,NA
29,6/4/2010,Kerala,Kochi,"Eloor, Kochi",Kerala State Pollution Control Board,Industrial Area,2.383333333,6.14,17,NA
29,6/8/2010,Kerala,Kochi,"Eloor, Kochi",Kerala State Pollution Control Board,Industrial Area,2,4.5,21,NA
29,6/11/2010,Kerala,Kochi,"Eloor, Kochi",Kerala State Pollution Control Board,Industrial Area,2.408333333,6.136666667,25.33333333,NA
29,15-06-10,Kerala,Kochi,"Eloor, Kochi",Kerala State Pollution Control Board,Industrial Area,2.343333333,6.135,39.33333333,NA
29,18-06-10,Kerala,Kochi,"Eloor, Kochi",Kerala State Pollution Control Board,Industrial Area,2.731666667,6.126666667,35.66666667,NA
29,22-06-10,Kerala,Kochi,"Eloor, Kochi",Kerala State Pollution Control Board,Industrial Area,2.471666667,6.15,37.66666667,NA
29,7/5/2010,Kerala,Kochi,"Eloor, Kochi",Kerala State Pollution Control Board,Industrial Area,2,4.5,12,NA
29,7/8/2010,Kerala,Kochi,"Eloor, Kochi",Kerala State Pollution Control Board,Industrial Area,2,4.5,14.66666667,NA
29,13-07-10,Kerala,Kochi,"Eloor, Kochi",Kerala State Pollution Control Board,Industrial Area,2,5.25,23.66666667,NA
29,16-07-10,Kerala,Kochi,"Eloor, Kochi",Kerala State Pollution Control Board,Industrial Area,2,4.5,12.33333333,NA
29,19-07-10,Kerala,Kochi,"Eloor, Kochi",Kerala State Pollution Control Board,Industrial Area,2,4.5,22.66666667,NA
29,22-07-10,Kerala,Kochi,"Eloor, Kochi",Kerala State Pollution Control Board,Industrial Area,2,4.5,18,NA
29,27-07-10,Kerala,Kochi,"Eloor, Kochi",Kerala State Pollution Control Board,Industrial Area,2,4.5,15,NA
29,30-07-10,Kerala,Kochi,"Eloor, Kochi",Kerala State Pollution Control Board,Industrial Area,2,4.5,18.33333333,NA
29,8/3/2010,Kerala,Kochi,"Eloor, Kochi",Kerala State Pollution Control Board,Industrial Area,2,6.463333333,17.66666667,NA
29,8/6/2010,Kerala,Kochi,"Eloor, Kochi",Kerala State Pollution Control Board,Industrial Area,2.333333333,6.216666667,27.66666667,NA
29,8/10/2010,Kerala,Kochi,"Eloor, Kochi",Kerala State Pollution Control Board,Industrial Area,2,6.266666667,25.33333333,NA
29,13-08-10,Kerala,Kochi,"Eloor, Kochi",Kerala State Pollution Control Board,Industrial Area,2.383333333,5.316666667,24,NA
29,17-08-10,Kerala,Kochi,"Eloor, Kochi",Kerala State Pollution Control Board,Industrial Area,2,5.366666667,25.33333333,NA
29,20-08-10,Kerala,Kochi,"Eloor, Kochi",Kerala State Pollution Control Board,Industrial Area,2.866666667,5.4,34.66666667,NA
29,24-08-10,Kerala,Kochi,"Eloor, Kochi",Kerala State Pollution Control Board,Industrial Area,2.483333333,6.366666667,31.66666667,NA
29,27-08-10,Kerala,Kochi,"Eloor, Kochi",Kerala State Pollution Control Board,Industrial Area,2,6.416666667,32,NA
29,9/3/2010,Kerala,Kochi,"Eloor, Kochi",Kerala State Pollution Control Board,Industrial Area,2,4.5,18,NA
29,9/7/2010,Kerala,Kochi,"Eloor, Kochi",Kerala State Pollution Control Board,Industrial Area,2.433333333,6.3,30.33333333,NA
29,9/10/2010,Kerala,Kochi,"Eloor, Kochi",Kerala State Pollution Control Board,Industrial Area,2,6.155,29.33333333,NA
29,14-09-10,Kerala,Kochi,"Eloor, Kochi",Kerala State Pollution Control Board,Industrial Area,2,7.333333333,25,NA
29,17-09-10,Kerala,Kochi,"Eloor, Kochi",Kerala State Pollution Control Board,Industrial Area,2.885,6.283333333,26.66666667,NA
29,21-09-10,Kerala,Kochi,"Eloor, Kochi",Kerala State Pollution Control Board,Industrial Area,2.483333333,6.35,29.66666667,NA
29,25-09-10,Kerala,Kochi,"Eloor, Kochi",Kerala State Pollution Control Board,Industrial Area,2,4.5,35,NA
29,28-09-10,Kerala,Kochi,"Eloor, Kochi",Kerala State Pollution Control Board,Industrial Area,2,5.383333333,38.33333333,NA
29,10/4/2010,Kerala,Kochi,"Eloor, Kochi",Kerala State Pollution Control Board,Industrial Area,2.383333333,4.5,14,NA
29,10/8/2010,Kerala,Kochi,"Eloor, Kochi",Kerala State Pollution Control Board,Industrial Area,2.45,5.3,12.33333333,NA
29,10/12/2010,Kerala,Kochi,"Eloor, Kochi",Kerala State Pollution Control Board,Industrial Area,2,6.366666667,15,NA
29,16-10-10,Kerala,Kochi,"Eloor, Kochi",Kerala State Pollution Control Board,Industrial Area,2,5.383333333,17.33333333,NA
29,19-10-10,Kerala,Kochi,"Eloor, Kochi",Kerala State Pollution Control Board,Industrial Area,2.466666667,6.316666667,24,NA
29,22-10-10,Kerala,Kochi,"Eloor, Kochi",Kerala State Pollution Control Board,Industrial Area,2.426666667,6.35,26,NA
29,25-10-10,Kerala,Kochi,"Eloor, Kochi",Kerala State Pollution Control Board,Industrial Area,2.706666667,5.616666667,29.66666667,NA
29,29-10-10,Kerala,Kochi,"Eloor, Kochi",Kerala State Pollution Control Board,Industrial Area,2.396666667,5.383333333,21.66666667,NA
29,11/1/2010,Kerala,Kochi,"Eloor, Kochi",Kerala State Pollution Control Board,Industrial Area,2,5.55,16.66666667,NA
29,11/4/2010,Kerala,Kochi,"Eloor, Kochi",Kerala State Pollution Control Board,Industrial Area,2.45,5.383333333,27.33333333,NA
29,11/8/2010,Kerala,Kochi,"Eloor, Kochi",Kerala State Pollution Control Board,Industrial Area,2,7,26,NA
29,11/11/2010,Kerala,Kochi,"Eloor, Kochi",Kerala State Pollution Control Board,Industrial Area,3,6,38,NA
29,15-11-10,Kerala,Kochi,"Eloor, Kochi",Kerala State Pollution Control Board,Industrial Area,2,7,25,NA
29,18-11-10,Kerala,Kochi,"Eloor, Kochi",Kerala State Pollution Control Board,Industrial Area,2,6,31,NA
29,22-11-10,Kerala,Kochi,"Eloor, Kochi",Kerala State Pollution Control Board,Industrial Area,2,6,16,NA
29,26-11-10,Kerala,Kochi,"Eloor, Kochi",Kerala State Pollution Control Board,Industrial Area,2,6,27,NA
29,12/6/2010,Kerala,Kochi,"Eloor, Kochi",Kerala State Pollution Control Board,Industrial Area,2,6,21,NA
29,12/9/2010,Kerala,Kochi,"Eloor, Kochi",Kerala State Pollution Control Board,Industrial Area,2,5,22,NA
29,14-12-10,Kerala,Kochi,"Eloor, Kochi",Kerala State Pollution Control Board,Industrial Area,2,6,20,NA
29,17-12-10,Kerala,Kochi,"Eloor, Kochi",Kerala State Pollution Control Board,Industrial Area,3,5,23,NA
29,21-12-10,Kerala,Kochi,"Eloor, Kochi",Kerala State Pollution Control Board,Industrial Area,3,6,21,NA
29,24-12-10,Kerala,Kochi,"Eloor, Kochi",Kerala State Pollution Control Board,Industrial Area,2,5,21,NA
29,27-12-10,Kerala,Kochi,"Eloor, Kochi",Kerala State Pollution Control Board,Industrial Area,2,7,23,NA
29,30-12-10,Kerala,Kochi,"Eloor, Kochi",Kerala State Pollution Control Board,Industrial Area,2,6,21,NA
30,1/3/2010,Kerala,Kochi,"Irumpanam, Kochi",Kerala State Pollution Control Board,Industrial Area,2,11,67,NA
30,1/5/2010,Kerala,Kochi,"Irumpanam, Kochi",Kerala State Pollution Control Board,Industrial Area,7,13,123,NA
30,1/7/2010,Kerala,Kochi,"Irumpanam, Kochi",Kerala State Pollution Control Board,Industrial Area,5,10,98,NA
30,1/11/2010,Kerala,Kochi,"Irumpanam, Kochi",Kerala State Pollution Control Board,Industrial Area,5,9,83,NA
30,14-01-10,Kerala,Kochi,"Irumpanam, Kochi",Kerala State Pollution Control Board,Industrial Area,2,11,50,NA
30,18-01-10,Kerala,Kochi,"Irumpanam, Kochi",Kerala State Pollution Control Board,Industrial Area,5,13,76,NA
30,20-01-10,Kerala,Kochi,"Irumpanam, Kochi",Kerala State Pollution Control Board,Industrial Area,7,22,97,NA
30,22-01-10,Kerala,Kochi,"Irumpanam, Kochi",Kerala State Pollution Control Board,Industrial Area,4,15,84,NA
30,26-01-10,Kerala,Kochi,"Irumpanam, Kochi",Kerala State Pollution Control Board,Industrial Area,5,18,86,NA
30,28-01-10,Kerala,Kochi,"Irumpanam, Kochi",Kerala State Pollution Control Board,Industrial Area,2,12,53,NA
30,2/1/2010,Kerala,Kochi,"Irumpanam, Kochi",Kerala State Pollution Control Board,Industrial Area,2,13,72,NA
30,2/4/2010,Kerala,Kochi,"Irumpanam, Kochi",Kerala State Pollution Control Board,Industrial Area,7,13,80,NA
30,2/8/2010,Kerala,Kochi,"Irumpanam, Kochi",Kerala State Pollution Control Board,Industrial Area,3,13,81,NA
30,2/10/2010,Kerala,Kochi,"Irumpanam, Kochi",Kerala State Pollution Control Board,Industrial Area,2,10,82,NA
30,15-02-10,Kerala,Kochi,"Irumpanam, Kochi",Kerala State Pollution Control Board,Industrial Area,4,8,74,NA
30,17-02-10,Kerala,Kochi,"Irumpanam, Kochi",Kerala State Pollution Control Board,Industrial Area,2,7,69,NA
30,19-02-10,Kerala,Kochi,"Irumpanam, Kochi",Kerala State Pollution Control Board,Industrial Area,3,9,69,NA
30,22-02-10,Kerala,Kochi,"Irumpanam, Kochi",Kerala State Pollution Control Board,Industrial Area,3,14,58,NA
30,25-02-10,Kerala,Kochi,"Irumpanam, Kochi",Kerala State Pollution Control Board,Industrial Area,6,7,57,NA
30,3/1/2010,Kerala,Kochi,"Irumpanam, Kochi",Kerala State Pollution Control Board,Industrial Area,6,6,51,NA
30,3/4/2010,Kerala,Kochi,"Irumpanam, Kochi",Kerala State Pollution Control Board,Industrial Area,3,9,57,NA
30,3/8/2010,Kerala,Kochi,"Irumpanam, Kochi",Kerala State Pollution Control Board,Industrial Area,3,8,33,NA
30,15-03-10,Kerala,Kochi,"Irumpanam, Kochi",Kerala State Pollution Control Board,Industrial Area,7,15,84,NA
30,17-03-10,Kerala,Kochi,"Irumpanam, Kochi",Kerala State Pollution Control Board,Industrial Area,2,8,41,NA
30,19-03-10,Kerala,Kochi,"Irumpanam, Kochi",Kerala State Pollution Control Board,Industrial Area,3,9,61,NA
30,22-03-10,Kerala,Kochi,"Irumpanam, Kochi",Kerala State Pollution Control Board,Industrial Area,2,10,43,NA
30,25-03-10,Kerala,Kochi,"Irumpanam, Kochi",Kerala State Pollution Control Board,Industrial Area,2,8,51,NA
30,29-03-10,Kerala,Kochi,"Irumpanam, Kochi",Kerala State Pollution Control Board,Industrial Area,4,8,33,NA
30,4/1/2010,Kerala,Kochi,"Irumpanam, Kochi",Kerala State Pollution Control Board,Industrial Area,5,8,29,NA
30,4/5/2010,Kerala,Kochi,"Irumpanam, Kochi",Kerala State Pollution Control Board,Industrial Area,5,6,26,NA
30,4/8/2010,Kerala,Kochi,"Irumpanam, Kochi",Kerala State Pollution Control Board,Industrial Area,4,11,37,NA
30,4/12/2010,Kerala,Kochi,"Irumpanam, Kochi",Kerala State Pollution Control Board,Industrial Area,2,9,27,NA
30,16-04-10,Kerala,Kochi,"Irumpanam, Kochi",Kerala State Pollution Control Board,Industrial Area,6,10,36,NA
30,19-04-10,Kerala,Kochi,"Irumpanam, Kochi",Kerala State Pollution Control Board,Industrial Area,4,9,24,NA
30,22-04-10,Kerala,Kochi,"Irumpanam, Kochi",Kerala State Pollution Control Board,Industrial Area,5,8,28,NA
30,26-04-10,Kerala,Kochi,"Irumpanam, Kochi",Kerala State Pollution Control Board,Industrial Area,4,9,28,NA
30,29-04-10,Kerala,Kochi,"Irumpanam, Kochi",Kerala State Pollution Control Board,Industrial Area,2,8,28,NA
30,5/3/2010,Kerala,Kochi,"Irumpanam, Kochi",Kerala State Pollution Control Board,Industrial Area,3,8,26,NA
30,5/6/2010,Kerala,Kochi,"Irumpanam, Kochi",Kerala State Pollution Control Board,Industrial Area,3,6,30,NA
30,5/10/2010,Kerala,Kochi,"Irumpanam, Kochi",Kerala State Pollution Control Board,Industrial Area,4,7,35,NA
30,13-05-10,Kerala,Kochi,"Irumpanam, Kochi",Kerala State Pollution Control Board,Industrial Area,4,9,29,NA
30,17-05-10,Kerala,Kochi,"Irumpanam, Kochi",Kerala State Pollution Control Board,Industrial Area,5,8,29,NA
30,19-05-10,Kerala,Kochi,"Irumpanam, Kochi",Kerala State Pollution Control Board,Industrial Area,4,9,38,NA
30,21-05-10,Kerala,Kochi,"Irumpanam, Kochi",Kerala State Pollution Control Board,Industrial Area,7,12,31,NA
30,24-05-10,Kerala,Kochi,"Irumpanam, Kochi",Kerala State Pollution Control Board,Industrial Area,5,11,21,NA
30,27-05-10,Kerala,Kochi,"Irumpanam, Kochi",Kerala State Pollution Control Board,Industrial Area,4,10,23,NA
30,6/1/2010,Kerala,Kochi,"Irumpanam, Kochi",Kerala State Pollution Control Board,Industrial Area,7,9,8,NA
30,6/7/2010,Kerala,Kochi,"Irumpanam, Kochi",Kerala State Pollution Control Board,Industrial Area,7,8,26,NA
30,6/10/2010,Kerala,Kochi,"Irumpanam, Kochi",Kerala State Pollution Control Board,Industrial Area,4,10,29,NA
30,13-06-10,Kerala,Kochi,"Irumpanam, Kochi",Kerala State Pollution Control Board,Industrial Area,3,8,17,NA
30,15-06-10,Kerala,Kochi,"Irumpanam, Kochi",Kerala State Pollution Control Board,Industrial Area,2,9,25,NA
30,17-06-10,Kerala,Kochi,"Irumpanam, Kochi",Kerala State Pollution Control Board,Industrial Area,2,11,31,NA
30,21-06-10,Kerala,Kochi,"Irumpanam, Kochi",Kerala State Pollution Control Board,Industrial Area,6,9,25,NA
30,24-06-10,Kerala,Kochi,"Irumpanam, Kochi",Kerala State Pollution Control Board,Industrial Area,5,9,20,NA
30,28-06-10,Kerala,Kochi,"Irumpanam, Kochi",Kerala State Pollution Control Board,Industrial Area,2,10,11,NA
30,7/1/2010,Kerala,Kochi,"Irumpanam, Kochi",Kerala State Pollution Control Board,Industrial Area,5,9,29,NA
30,7/5/2010,Kerala,Kochi,"Irumpanam, Kochi",Kerala State Pollution Control Board,Industrial Area,6,9,15,NA
30,7/8/2010,Kerala,Kochi,"Irumpanam, Kochi",Kerala State Pollution Control Board,Industrial Area,3,9,18,NA
30,7/12/2010,Kerala,Kochi,"Irumpanam, Kochi",Kerala State Pollution Control Board,Industrial Area,5,11,13,NA
30,15-07-10,Kerala,Kochi,"Irumpanam, Kochi",Kerala State Pollution Control Board,Industrial Area,6,14,12,NA
30,19-07-10,Kerala,Kochi,"Irumpanam, Kochi",Kerala State Pollution Control Board,Industrial Area,2,9,18,NA
30,22-07-10,Kerala,Kochi,"Irumpanam, Kochi",Kerala State Pollution Control Board,Industrial Area,8,12,16,NA
30,26-07-10,Kerala,Kochi,"Irumpanam, Kochi",Kerala State Pollution Control Board,Industrial Area,3,14,17,NA
30,29-07-10,Kerala,Kochi,"Irumpanam, Kochi",Kerala State Pollution Control Board,Industrial Area,6,20,19,NA
30,8/2/2010,Kerala,Kochi,"Irumpanam, Kochi",Kerala State Pollution Control Board,Industrial Area,3,15,22,NA
30,8/5/2010,Kerala,Kochi,"Irumpanam, Kochi",Kerala State Pollution Control Board,Industrial Area,2,12,14,NA
30,8/9/2010,Kerala,Kochi,"Irumpanam, Kochi",Kerala State Pollution Control Board,Industrial Area,5,10,16,NA
30,8/12/2010,Kerala,Kochi,"Irumpanam, Kochi",Kerala State Pollution Control Board,Industrial Area,4,9,13,NA
30,16-08-10,Kerala,Kochi,"Irumpanam, Kochi",Kerala State Pollution Control Board,Industrial Area,2,10,15,NA
30,19-08-10,Kerala,Kochi,"Irumpanam, Kochi",Kerala State Pollution Control Board,Industrial Area,2,10,22,NA
30,24-08-10,Kerala,Kochi,"Irumpanam, Kochi",Kerala State Pollution Control Board,Industrial Area,3,11,25,NA
30,26-08-10,Kerala,Kochi,"Irumpanam, Kochi",Kerala State Pollution Control Board,Industrial Area,7,12,22,NA
30,30-08-10,Kerala,Kochi,"Irumpanam, Kochi",Kerala State Pollution Control Board,Industrial Area,6,10,11,NA
30,9/2/2010,Kerala,Kochi,"Irumpanam, Kochi",Kerala State Pollution Control Board,Industrial Area,5,6,14,NA
30,9/6/2010,Kerala,Kochi,"Irumpanam, Kochi",Kerala State Pollution Control Board,Industrial Area,4,9,17,NA
30,9/8/2010,Kerala,Kochi,"Irumpanam, Kochi",Kerala State Pollution Control Board,Industrial Area,3,9,16,NA
30,13-09-10,Kerala,Kochi,"Irumpanam, Kochi",Kerala State Pollution Control Board,Industrial Area,2,8,14,NA
30,16-09-10,Kerala,Kochi,"Irumpanam, Kochi",Kerala State Pollution Control Board,Industrial Area,5,14,20,NA
30,20-09-10,Kerala,Kochi,"Irumpanam, Kochi",Kerala State Pollution Control Board,Industrial Area,3,14,14,NA
30,23-09-10,Kerala,Kochi,"Irumpanam, Kochi",Kerala State Pollution Control Board,Industrial Area,4,12,16,NA
30,27-09-10,Kerala,Kochi,"Irumpanam, Kochi",Kerala State Pollution Control Board,Industrial Area,3,16,15,NA
30,29-09-10,Kerala,Kochi,"Irumpanam, Kochi",Kerala State Pollution Control Board,Industrial Area,2,10,21,NA
30,10/4/2010,Kerala,Kochi,"Irumpanam, Kochi",Kerala State Pollution Control Board,Industrial Area,4,8,23,NA
30,10/7/2010,Kerala,Kochi,"Irumpanam, Kochi",Kerala State Pollution Control Board,Industrial Area,5,10,16,NA
30,10/11/2010,Kerala,Kochi,"Irumpanam, Kochi",Kerala State Pollution Control Board,Industrial Area,2,9,19,NA
30,14-10-10,Kerala,Kochi,"Irumpanam, Kochi",Kerala State Pollution Control Board,Industrial Area,3,11,31,NA
30,18-10-10,Kerala,Kochi,"Irumpanam, Kochi",Kerala State Pollution Control Board,Industrial Area,3,12,21,NA
30,20-10-10,Kerala,Kochi,"Irumpanam, Kochi",Kerala State Pollution Control Board,Industrial Area,11,10,19,NA
30,22-10-10,Kerala,Kochi,"Irumpanam, Kochi",Kerala State Pollution Control Board,Industrial Area,4,12,15,NA
30,25-10-10,Kerala,Kochi,"Irumpanam, Kochi",Kerala State Pollution Control Board,Industrial Area,5,9,24,NA
30,28-10-10,Kerala,Kochi,"Irumpanam, Kochi",Kerala State Pollution Control Board,Industrial Area,3,11,21,NA
30,11/1/2010,Kerala,Kochi,"Irumpanam, Kochi",Kerala State Pollution Control Board,Industrial Area,2,18,37,NA
30,11/4/2010,Kerala,Kochi,"Irumpanam, Kochi",Kerala State Pollution Control Board,Industrial Area,2,9,40,NA
30,11/8/2010,Kerala,Kochi,"Irumpanam, Kochi",Kerala State Pollution Control Board,Industrial Area,3,12,40,NA
30,11/11/2010,Kerala,Kochi,"Irumpanam, Kochi",Kerala State Pollution Control Board,Industrial Area,4,13,12,NA
30,15-11-10,Kerala,Kochi,"Irumpanam, Kochi",Kerala State Pollution Control Board,Industrial Area,3,14,26,NA
30,18-11-10,Kerala,Kochi,"Irumpanam, Kochi",Kerala State Pollution Control Board,Industrial Area,7,9,17,NA
30,22-11-10,Kerala,Kochi,"Irumpanam, Kochi",Kerala State Pollution Control Board,Industrial Area,7,9,14,NA
30,25-11-10,Kerala,Kochi,"Irumpanam, Kochi",Kerala State Pollution Control Board,Industrial Area,4,13,42,NA
30,29-11-10,Kerala,Kochi,"Irumpanam, Kochi",Kerala State Pollution Control Board,Industrial Area,7,16,41,NA
30,12/3/2010,Kerala,Kochi,"Irumpanam, Kochi",Kerala State Pollution Control Board,Industrial Area,3,14,49,NA
30,12/6/2010,Kerala,Kochi,"Irumpanam, Kochi",Kerala State Pollution Control Board,Industrial Area,2,12,54,NA
30,12/9/2010,Kerala,Kochi,"Irumpanam, Kochi",Kerala State Pollution Control Board,Industrial Area,8,13,52,NA
30,13-12-10,Kerala,Kochi,"Irumpanam, Kochi",Kerala State Pollution Control Board,Industrial Area,2,5,40,NA
30,16-12-10,Kerala,Kochi,"Irumpanam, Kochi",Kerala State Pollution Control Board,Industrial Area,2,16,40,NA
30,20-12-10,Kerala,Kochi,"Irumpanam, Kochi",Kerala State Pollution Control Board,Industrial Area,2,14,29,NA
30,23-12-10,Kerala,Kochi,"Irumpanam, Kochi",Kerala State Pollution Control Board,Industrial Area,7,15,54,NA
30,27-12-10,Kerala,Kochi,"Irumpanam, Kochi",Kerala State Pollution Control Board,Industrial Area,6,11,53,NA
30,30-12-10,Kerala,Kochi,"Irumpanam, Kochi",Kerala State Pollution Control Board,Industrial Area,2,19,62,NA
338,1/4/2010,Kerala,Kochi,"Ernakulum South, Kochi",Kerala State Pollution Control Board,"Residential, Rural and other Areas",3,16,39,NA
338,1/7/2010,Kerala,Kochi,"Ernakulum South, Kochi",Kerala State Pollution Control Board,"Residential, Rural and other Areas",3,13,39,NA
338,1/11/2010,Kerala,Kochi,"Ernakulum South, Kochi",Kerala State Pollution Control Board,"Residential, Rural and other Areas",5,15,37,NA
338,14-01-10,Kerala,Kochi,"Ernakulum South, Kochi",Kerala State Pollution Control Board,"Residential, Rural and other Areas",2,18,25,NA
338,18-01-10,Kerala,Kochi,"Ernakulum South, Kochi",Kerala State Pollution Control Board,"Residential, Rural and other Areas",5,16,37,NA
338,20-01-10,Kerala,Kochi,"Ernakulum South, Kochi",Kerala State Pollution Control Board,"Residential, Rural and other Areas",3,15,36,NA
338,22-01-10,Kerala,Kochi,"Ernakulum South, Kochi",Kerala State Pollution Control Board,"Residential, Rural and other Areas",3,19,35,NA
338,26-01-10,Kerala,Kochi,"Ernakulum South, Kochi",Kerala State Pollution Control Board,"Residential, Rural and other Areas",4,24,42,NA
338,28-01-10,Kerala,Kochi,"Ernakulum South, Kochi",Kerala State Pollution Control Board,"Residential, Rural and other Areas",2,14,21,NA
338,2/1/2010,Kerala,Kochi,"Ernakulum South, Kochi",Kerala State Pollution Control Board,"Residential, Rural and other Areas",2,20,44,NA
338,2/4/2010,Kerala,Kochi,"Ernakulum South, Kochi",Kerala State Pollution Control Board,"Residential, Rural and other Areas",5,19,35,NA
338,2/8/2010,Kerala,Kochi,"Ernakulum South, Kochi",Kerala State Pollution Control Board,"Residential, Rural and other Areas",5,19,46,NA
338,2/10/2010,Kerala,Kochi,"Ernakulum South, Kochi",Kerala State Pollution Control Board,"Residential, Rural and other Areas",2,11,43,NA
338,15-02-10,Kerala,Kochi,"Ernakulum South, Kochi",Kerala State Pollution Control Board,"Residential, Rural and other Areas",2,19,37,NA
338,17-02-10,Kerala,Kochi,"Ernakulum South, Kochi",Kerala State Pollution Control Board,"Residential, Rural and other Areas",3,17,30,NA
338,19-02-10,Kerala,Kochi,"Ernakulum South, Kochi",Kerala State Pollution Control Board,"Residential, Rural and other Areas",5,14,56,NA
338,22-02-10,Kerala,Kochi,"Ernakulum South, Kochi",Kerala State Pollution Control Board,"Residential, Rural and other Areas",2,9,22,NA
338,25-02-10,Kerala,Kochi,"Ernakulum South, Kochi",Kerala State Pollution Control Board,"Residential, Rural and other Areas",3,16,22,NA
338,3/1/2010,Kerala,Kochi,"Ernakulum South, Kochi",Kerala State Pollution Control Board,"Residential, Rural and other Areas",4,8,16,NA
338,3/4/2010,Kerala,Kochi,"Ernakulum South, Kochi",Kerala State Pollution Control Board,"Residential, Rural and other Areas",2,11,31,NA
338,3/8/2010,Kerala,Kochi,"Ernakulum South, Kochi",Kerala State Pollution Control Board,"Residential, Rural and other Areas",2,9,20,NA
338,3/11/2010,Kerala,Kochi,"Ernakulum South, Kochi",Kerala State Pollution Control Board,"Residential, Rural and other Areas",2,19,29,NA
338,15-03-10,Kerala,Kochi,"Ernakulum South, Kochi",Kerala State Pollution Control Board,"Residential, Rural and other Areas",3,12,26,NA
338,18-03-10,Kerala,Kochi,"Ernakulum South, Kochi",Kerala State Pollution Control Board,"Residential, Rural and other Areas",5,8,30,NA
338,22-03-10,Kerala,Kochi,"Ernakulum South, Kochi",Kerala State Pollution Control Board,"Residential, Rural and other Areas",2,10,27,NA
338,25-03-10,Kerala,Kochi,"Ernakulum South, Kochi",Kerala State Pollution Control Board,"Residential, Rural and other Areas",2,7,23,NA
338,29-03-10,Kerala,Kochi,"Ernakulum South, Kochi",Kerala State Pollution Control Board,"Residential, Rural and other Areas",36,15,22,NA
338,4/1/2010,Kerala,Kochi,"Ernakulum South, Kochi",Kerala State Pollution Control Board,"Residential, Rural and other Areas",4,11,28,NA
338,4/5/2010,Kerala,Kochi,"Ernakulum South, Kochi",Kerala State Pollution Control Board,"Residential, Rural and other Areas",5,14,20,NA
338,4/8/2010,Kerala,Kochi,"Ernakulum South, Kochi",Kerala State Pollution Control Board,"Residential, Rural and other Areas",5,27,22,NA
338,4/12/2010,Kerala,Kochi,"Ernakulum South, Kochi",Kerala State Pollution Control Board,"Residential, Rural and other Areas",3,15,21,NA
338,16-04-10,Kerala,Kochi,"Ernakulum South, Kochi",Kerala State Pollution Control Board,"Residential, Rural and other Areas",4,15,26,NA
338,19-04-10,Kerala,Kochi,"Ernakulum South, Kochi",Kerala State Pollution Control Board,"Residential, Rural and other Areas",4,16,25,NA
338,22-04-10,Kerala,Kochi,"Ernakulum South, Kochi",Kerala State Pollution Control Board,"Residential, Rural and other Areas",4,15,28,NA
338,26-04-10,Kerala,Kochi,"Ernakulum South, Kochi",Kerala State Pollution Control Board,"Residential, Rural and other Areas",3,15,20,NA
338,5/7/2010,Kerala,Kochi,"Ernakulum South, Kochi",Kerala State Pollution Control Board,"Residential, Rural and other Areas",7,23,67,NA
338,5/10/2010,Kerala,Kochi,"Ernakulum South, Kochi",Kerala State Pollution Control Board,"Residential, Rural and other Areas",8,24,56,NA
338,13-05-10,Kerala,Kochi,"Ernakulum South, Kochi",Kerala State Pollution Control Board,"Residential, Rural and other Areas",4,12,35,NA
338,16-05-10,Kerala,Kochi,"Ernakulum South, Kochi",Kerala State Pollution Control Board,"Residential, Rural and other Areas",3,14,32,NA
338,18-05-10,Kerala,Kochi,"Ernakulum South, Kochi",Kerala State Pollution Control Board,"Residential, Rural and other Areas",6,15,52,NA
338,20-05-10,Kerala,Kochi,"Ernakulum South, Kochi",Kerala State Pollution Control Board,"Residential, Rural and other Areas",2,23,47,NA
338,21-05-10,Kerala,Kochi,"Ernakulum South, Kochi",Kerala State Pollution Control Board,"Residential, Rural and other Areas",4,21,43,NA
338,26-05-10,Kerala,Kochi,"Ernakulum South, Kochi",Kerala State Pollution Control Board,"Residential, Rural and other Areas",2,6,49,NA
338,6/1/2010,Kerala,Kochi,"Ernakulum South, Kochi",Kerala State Pollution Control Board,"Residential, Rural and other Areas",3,21,29,NA
338,6/3/2010,Kerala,Kochi,"Ernakulum South, Kochi",Kerala State Pollution Control Board,"Residential, Rural and other Areas",3,8,20,NA
338,6/6/2010,Kerala,Kochi,"Ernakulum South, Kochi",Kerala State Pollution Control Board,"Residential, Rural and other Areas",2,11,21,NA
338,6/7/2010,Kerala,Kochi,"Ernakulum South, Kochi",Kerala State Pollution Control Board,"Residential, Rural and other Areas",4,13,34,NA
338,6/10/2010,Kerala,Kochi,"Ernakulum South, Kochi",Kerala State Pollution Control Board,"Residential, Rural and other Areas",8,21,29,NA
338,14-06-10,Kerala,Kochi,"Ernakulum South, Kochi",Kerala State Pollution Control Board,"Residential, Rural and other Areas",2,20,31,NA
338,15-06-10,Kerala,Kochi,"Ernakulum South, Kochi",Kerala State Pollution Control Board,"Residential, Rural and other Areas",2,16,23,NA
338,18-06-10,Kerala,Kochi,"Ernakulum South, Kochi",Kerala State Pollution Control Board,"Residential, Rural and other Areas",3,22,28,NA
338,21-06-10,Kerala,Kochi,"Ernakulum South, Kochi",Kerala State Pollution Control Board,"Residential, Rural and other Areas",6,18,34,NA
338,24-06-10,Kerala,Kochi,"Ernakulum South, Kochi",Kerala State Pollution Control Board,"Residential, Rural and other Areas",3,15,28,NA
338,28-06-10,Kerala,Kochi,"Ernakulum South, Kochi",Kerala State Pollution Control Board,"Residential, Rural and other Areas",2,13,24,NA
338,7/1/2010,Kerala,Kochi,"Ernakulum South, Kochi",Kerala State Pollution Control Board,"Residential, Rural and other Areas",3,11,36,NA
338,7/5/2010,Kerala,Kochi,"Ernakulum South, Kochi",Kerala State Pollution Control Board,"Residential, Rural and other Areas",3,10,15,NA
338,7/8/2010,Kerala,Kochi,"Ernakulum South, Kochi",Kerala State Pollution Control Board,"Residential, Rural and other Areas",2,12,26,NA
338,7/12/2010,Kerala,Kochi,"Ernakulum South, Kochi",Kerala State Pollution Control Board,"Residential, Rural and other Areas",4,11,19,NA
338,15-07-10,Kerala,Kochi,"Ernakulum South, Kochi",Kerala State Pollution Control Board,"Residential, Rural and other Areas",4,11,21,NA
338,19-07-10,Kerala,Kochi,"Ernakulum South, Kochi",Kerala State Pollution Control Board,"Residential, Rural and other Areas",2,10,20,NA
338,22-07-10,Kerala,Kochi,"Ernakulum South, Kochi",Kerala State Pollution Control Board,"Residential, Rural and other Areas",3,9,24,NA
338,26-07-10,Kerala,Kochi,"Ernakulum South, Kochi",Kerala State Pollution Control Board,"Residential, Rural and other Areas",2,11,29,NA
338,29-07-10,Kerala,Kochi,"Ernakulum South, Kochi",Kerala State Pollution Control Board,"Residential, Rural and other Areas",2,13,23,NA
338,8/2/2010,Kerala,Kochi,"Ernakulum South, Kochi",Kerala State Pollution Control Board,"Residential, Rural and other Areas",5,17,38,NA
338,8/5/2010,Kerala,Kochi,"Ernakulum South, Kochi",Kerala State Pollution Control Board,"Residential, Rural and other Areas",2,21,29,NA
338,8/9/2010,Kerala,Kochi,"Ernakulum South, Kochi",Kerala State Pollution Control Board,"Residential, Rural and other Areas",3,13,31,NA
338,8/12/2010,Kerala,Kochi,"Ernakulum South, Kochi",Kerala State Pollution Control Board,"Residential, Rural and other Areas",3,11,17,NA
338,16-08-10,Kerala,Kochi,"Ernakulum South, Kochi",Kerala State Pollution Control Board,"Residential, Rural and other Areas",2,11,15,NA
338,19-08-10,Kerala,Kochi,"Ernakulum South, Kochi",Kerala State Pollution Control Board,"Residential, Rural and other Areas",2,12,23,NA
338,24-08-10,Kerala,Kochi,"Ernakulum South, Kochi",Kerala State Pollution Control Board,"Residential, Rural and other Areas",2,11,19,NA
338,27-08-10,Kerala,Kochi,"Ernakulum South, Kochi",Kerala State Pollution Control Board,"Residential, Rural and other Areas",3,23,22,NA
338,30-08-10,Kerala,Kochi,"Ernakulum South, Kochi",Kerala State Pollution Control Board,"Residential, Rural and other Areas",3,19,25,NA
338,9/2/2010,Kerala,Kochi,"Ernakulum South, Kochi",Kerala State Pollution Control Board,"Residential, Rural and other Areas",2,8,19,NA
338,9/6/2010,Kerala,Kochi,"Ernakulum South, Kochi",Kerala State Pollution Control Board,"Residential, Rural and other Areas",2,11,28,NA
338,9/8/2010,Kerala,Kochi,"Ernakulum South, Kochi",Kerala State Pollution Control Board,"Residential, Rural and other Areas",2,12,20,NA
338,13-09-10,Kerala,Kochi,"Ernakulum South, Kochi",Kerala State Pollution Control Board,"Residential, Rural and other Areas",2,10,31,NA
338,16-09-10,Kerala,Kochi,"Ernakulum South, Kochi",Kerala State Pollution Control Board,"Residential, Rural and other Areas",3,14,23,NA
338,20-09-10,Kerala,Kochi,"Ernakulum South, Kochi",Kerala State Pollution Control Board,"Residential, Rural and other Areas",3,11,30,NA
338,23-09-10,Kerala,Kochi,"Ernakulum South, Kochi",Kerala State Pollution Control Board,"Residential, Rural and other Areas",5,15,28,NA
338,27-09-10,Kerala,Kochi,"Ernakulum South, Kochi",Kerala State Pollution Control Board,"Residential, Rural and other Areas",6,25,36,NA
338,29-09-10,Kerala,Kochi,"Ernakulum South, Kochi",Kerala State Pollution Control Board,"Residential, Rural and other Areas",3,20,35,NA
338,10/4/2010,Kerala,Kochi,"Ernakulum South, Kochi",Kerala State Pollution Control Board,"Residential, Rural and other Areas",2,18,37,NA
338,10/7/2010,Kerala,Kochi,"Ernakulum South, Kochi",Kerala State Pollution Control Board,"Residential, Rural and other Areas",3,19,28,NA
338,10/11/2010,Kerala,Kochi,"Ernakulum South, Kochi",Kerala State Pollution Control Board,"Residential, Rural and other Areas",3,16,37,NA
338,14-10-10,Kerala,Kochi,"Ernakulum South, Kochi",Kerala State Pollution Control Board,"Residential, Rural and other Areas",3,16,57,NA
338,18-10-10,Kerala,Kochi,"Ernakulum South, Kochi",Kerala State Pollution Control Board,"Residential, Rural and other Areas",4,15,30,NA
338,20-10-10,Kerala,Kochi,"Ernakulum South, Kochi",Kerala State Pollution Control Board,"Residential, Rural and other Areas",3,12,28,NA
338,22-10-10,Kerala,Kochi,"Ernakulum South, Kochi",Kerala State Pollution Control Board,"Residential, Rural and other Areas",3,12,27,NA
338,25-10-10,Kerala,Kochi,"Ernakulum South, Kochi",Kerala State Pollution Control Board,"Residential, Rural and other Areas",3,15,37,NA
338,28-10-10,Kerala,Kochi,"Ernakulum South, Kochi",Kerala State Pollution Control Board,"Residential, Rural and other Areas",4,26,36,NA
338,11/1/2010,Kerala,Kochi,"Ernakulum South, Kochi",Kerala State Pollution Control Board,"Residential, Rural and other Areas",3,30,53,NA
338,11/4/2010,Kerala,Kochi,"Ernakulum South, Kochi",Kerala State Pollution Control Board,"Residential, Rural and other Areas",2,22,58,NA
338,11/8/2010,Kerala,Kochi,"Ernakulum South, Kochi",Kerala State Pollution Control Board,"Residential, Rural and other Areas",3,14,59,NA
338,11/11/2010,Kerala,Kochi,"Ernakulum South, Kochi",Kerala State Pollution Control Board,"Residential, Rural and other Areas",3,21,28,NA
338,15-11-10,Kerala,Kochi,"Ernakulum South, Kochi",Kerala State Pollution Control Board,"Residential, Rural and other Areas",3,19,52,NA
338,18-11-10,Kerala,Kochi,"Ernakulum South, Kochi",Kerala State Pollution Control Board,"Residential, Rural and other Areas",10,24,48,NA
338,22-11-10,Kerala,Kochi,"Ernakulum South, Kochi",Kerala State Pollution Control Board,"Residential, Rural and other Areas",3,21,70,NA
338,25-11-10,Kerala,Kochi,"Ernakulum South, Kochi",Kerala State Pollution Control Board,"Residential, Rural and other Areas",7,20,76,NA
338,29-11-10,Kerala,Kochi,"Ernakulum South, Kochi",Kerala State Pollution Control Board,"Residential, Rural and other Areas",7,13,57,NA
338,12/3/2010,Kerala,Kochi,"Ernakulum South, Kochi",Kerala State Pollution Control Board,"Residential, Rural and other Areas",2,15,50,NA
338,12/6/2010,Kerala,Kochi,"Ernakulum South, Kochi",Kerala State Pollution Control Board,"Residential, Rural and other Areas",2,14,76,NA
338,12/9/2010,Kerala,Kochi,"Ernakulum South, Kochi",Kerala State Pollution Control Board,"Residential, Rural and other Areas",2,16,82,NA
338,13-12-10,Kerala,Kochi,"Ernakulum South, Kochi",Kerala State Pollution Control Board,"Residential, Rural and other Areas",5,11,66,NA
338,16-12-10,Kerala,Kochi,"Ernakulum South, Kochi",Kerala State Pollution Control Board,"Residential, Rural and other Areas",2,22,52,NA
338,20-12-10,Kerala,Kochi,"Ernakulum South, Kochi",Kerala State Pollution Control Board,"Residential, Rural and other Areas",2,19,56,NA
338,23-12-10,Kerala,Kochi,"Ernakulum South, Kochi",Kerala State Pollution Control Board,"Residential, Rural and other Areas",8,23,82,NA
338,27-12-10,Kerala,Kochi,"Ernakulum South, Kochi",Kerala State Pollution Control Board,"Residential, Rural and other Areas",4,15,80,NA
338,30-12-10,Kerala,Kochi,"Ernakulum South, Kochi",Kerala State Pollution Control Board,"Residential, Rural and other Areas",5,24,86,NA
338,31-12-10,Kerala,Kochi,"Ernakulum South, Kochi",Kerala State Pollution Control Board,"Residential, Rural and other Areas",4,19,44,NA
562,1/4/2010,Kerala,Kochi,"FCI, OEN Connectors Office Building",Kerala State Pollution Control Board,"Residential, Rural and other Areas",5,18,74,NA
562,1/7/2010,Kerala,Kochi,"FCI, OEN Connectors Office Building",Kerala State Pollution Control Board,"Residential, Rural and other Areas",7,15,81,NA
562,1/11/2010,Kerala,Kochi,"FCI, OEN Connectors Office Building",Kerala State Pollution Control Board,"Residential, Rural and other Areas",8,11,70,NA
562,14-01-10,Kerala,Kochi,"FCI, OEN Connectors Office Building",Kerala State Pollution Control Board,"Residential, Rural and other Areas",4,18,48,NA
562,18-01-10,Kerala,Kochi,"FCI, OEN Connectors Office Building",Kerala State Pollution Control Board,"Residential, Rural and other Areas",16,27,81,NA
562,20-01-10,Kerala,Kochi,"FCI, OEN Connectors Office Building",Kerala State Pollution Control Board,"Residential, Rural and other Areas",13,26,67,NA
562,22-01-10,Kerala,Kochi,"FCI, OEN Connectors Office Building",Kerala State Pollution Control Board,"Residential, Rural and other Areas",6,19,76,NA
562,26-01-10,Kerala,Kochi,"FCI, OEN Connectors Office Building",Kerala State Pollution Control Board,"Residential, Rural and other Areas",8,27,95,NA
562,28-01-10,Kerala,Kochi,"FCI, OEN Connectors Office Building",Kerala State Pollution Control Board,"Residential, Rural and other Areas",3,15,51,NA
562,2/1/2010,Kerala,Kochi,"FCI, OEN Connectors Office Building",Kerala State Pollution Control Board,"Residential, Rural and other Areas",12,15,79,NA
562,2/4/2010,Kerala,Kochi,"FCI, OEN Connectors Office Building",Kerala State Pollution Control Board,"Residential, Rural and other Areas",12,10,83,NA
562,2/8/2010,Kerala,Kochi,"FCI, OEN Connectors Office Building",Kerala State Pollution Control Board,"Residential, Rural and other Areas",10,18,88,NA
562,2/10/2010,Kerala,Kochi,"FCI, OEN Connectors Office Building",Kerala State Pollution Control Board,"Residential, Rural and other Areas",4,14,72,NA
562,15-02-10,Kerala,Kochi,"FCI, OEN Connectors Office Building",Kerala State Pollution Control Board,"Residential, Rural and other Areas",3,12,81,NA
562,17-02-10,Kerala,Kochi,"FCI, OEN Connectors Office Building",Kerala State Pollution Control Board,"Residential, Rural and other Areas",2,9,64,NA
562,19-02-10,Kerala,Kochi,"FCI, OEN Connectors Office Building",Kerala State Pollution Control Board,"Residential, Rural and other Areas",5,13,65,NA
562,22-02-10,Kerala,Kochi,"FCI, OEN Connectors Office Building",Kerala State Pollution Control Board,"Residential, Rural and other Areas",3,13,44,NA
562,25-02-10,Kerala,Kochi,"FCI, OEN Connectors Office Building",Kerala State Pollution Control Board,"Residential, Rural and other Areas",6,17,46,NA
562,3/1/2010,Kerala,Kochi,"FCI, OEN Connectors Office Building",Kerala State Pollution Control Board,"Residential, Rural and other Areas",6,11,45,NA
562,3/4/2010,Kerala,Kochi,"FCI, OEN Connectors Office Building",Kerala State Pollution Control Board,"Residential, Rural and other Areas",3,13,59,NA
562,3/8/2010,Kerala,Kochi,"FCI, OEN Connectors Office Building",Kerala State Pollution Control Board,"Residential, Rural and other Areas",5,11,49,NA
562,3/11/2010,Kerala,Kochi,"FCI, OEN Connectors Office Building",Kerala State Pollution Control Board,"Residential, Rural and other Areas",3,11,46,NA
562,15-03-10,Kerala,Kochi,"FCI, OEN Connectors Office Building",Kerala State Pollution Control Board,"Residential, Rural and other Areas",7,9,50,NA
562,18-03-10,Kerala,Kochi,"FCI, OEN Connectors Office Building",Kerala State Pollution Control Board,"Residential, Rural and other Areas",6,9,57,NA
562,22-03-10,Kerala,Kochi,"FCI, OEN Connectors Office Building",Kerala State Pollution Control Board,"Residential, Rural and other Areas",4,10,63,NA
562,25-03-10,Kerala,Kochi,"FCI, OEN Connectors Office Building",Kerala State Pollution Control Board,"Residential, Rural and other Areas",2,13,61,NA
562,29-03-10,Kerala,Kochi,"FCI, OEN Connectors Office Building",Kerala State Pollution Control Board,"Residential, Rural and other Areas",10,13,45,NA
562,4/1/2010,Kerala,Kochi,"FCI, OEN Connectors Office Building",Kerala State Pollution Control Board,"Residential, Rural and other Areas",8,12,43,NA
562,4/5/2010,Kerala,Kochi,"FCI, OEN Connectors Office Building",Kerala State Pollution Control Board,"Residential, Rural and other Areas",5,6,39,NA
562,4/8/2010,Kerala,Kochi,"FCI, OEN Connectors Office Building",Kerala State Pollution Control Board,"Residential, Rural and other Areas",4,14,41,NA
562,4/12/2010,Kerala,Kochi,"FCI, OEN Connectors Office Building",Kerala State Pollution Control Board,"Residential, Rural and other Areas",5,9,37,NA
562,16-04-10,Kerala,Kochi,"FCI, OEN Connectors Office Building",Kerala State Pollution Control Board,"Residential, Rural and other Areas",6,13,47,NA
562,19-04-10,Kerala,Kochi,"FCI, OEN Connectors Office Building",Kerala State Pollution Control Board,"Residential, Rural and other Areas",4,15,42,NA
562,22-04-10,Kerala,Kochi,"FCI, OEN Connectors Office Building",Kerala State Pollution Control Board,"Residential, Rural and other Areas",5,10,47,NA
562,26-04-10,Kerala,Kochi,"FCI, OEN Connectors Office Building",Kerala State Pollution Control Board,"Residential, Rural and other Areas",4,12,33,NA
562,29-04-10,Kerala,Kochi,"FCI, OEN Connectors Office Building",Kerala State Pollution Control Board,"Residential, Rural and other Areas",4,11,35,NA
562,5/3/2010,Kerala,Kochi,"FCI, OEN Connectors Office Building",Kerala State Pollution Control Board,"Residential, Rural and other Areas",2,14,35,NA
562,5/6/2010,Kerala,Kochi,"FCI, OEN Connectors Office Building",Kerala State Pollution Control Board,"Residential, Rural and other Areas",4,12,38,NA
562,5/10/2010,Kerala,Kochi,"FCI, OEN Connectors Office Building",Kerala State Pollution Control Board,"Residential, Rural and other Areas",2,10,41,NA
562,13-05-10,Kerala,Kochi,"FCI, OEN Connectors Office Building",Kerala State Pollution Control Board,"Residential, Rural and other Areas",2,10,39,NA
562,17-05-10,Kerala,Kochi,"FCI, OEN Connectors Office Building",Kerala State Pollution Control Board,"Residential, Rural and other Areas",4,10,23,NA
562,19-05-10,Kerala,Kochi,"FCI, OEN Connectors Office Building",Kerala State Pollution Control Board,"Residential, Rural and other Areas",4,16,47,NA
562,21-05-10,Kerala,Kochi,"FCI, OEN Connectors Office Building",Kerala State Pollution Control Board,"Residential, Rural and other Areas",7,20,35,NA
562,24-05-10,Kerala,Kochi,"FCI, OEN Connectors Office Building",Kerala State Pollution Control Board,"Residential, Rural and other Areas",2,11,27,NA
562,27-05-10,Kerala,Kochi,"FCI, OEN Connectors Office Building",Kerala State Pollution Control Board,"Residential, Rural and other Areas",4,12,27,NA
562,6/1/2010,Kerala,Kochi,"FCI, OEN Connectors Office Building",Kerala State Pollution Control Board,"Residential, Rural and other Areas",4,13,21,NA
562,6/3/2010,Kerala,Kochi,"FCI, OEN Connectors Office Building",Kerala State Pollution Control Board,"Residential, Rural and other Areas",3,19,31,NA
562,6/7/2010,Kerala,Kochi,"FCI, OEN Connectors Office Building",Kerala State Pollution Control Board,"Residential, Rural and other Areas",6,10,29,NA
562,6/10/2010,Kerala,Kochi,"FCI, OEN Connectors Office Building",Kerala State Pollution Control Board,"Residential, Rural and other Areas",8,16,38,NA
562,14-06-10,Kerala,Kochi,"FCI, OEN Connectors Office Building",Kerala State Pollution Control Board,"Residential, Rural and other Areas",2,14,21,NA
562,17-06-10,Kerala,Kochi,"FCI, OEN Connectors Office Building",Kerala State Pollution Control Board,"Residential, Rural and other Areas",2,17,32,NA
562,21-06-10,Kerala,Kochi,"FCI, OEN Connectors Office Building",Kerala State Pollution Control Board,"Residential, Rural and other Areas",6,8,27,NA
562,24-06-10,Kerala,Kochi,"FCI, OEN Connectors Office Building",Kerala State Pollution Control Board,"Residential, Rural and other Areas",5,9,21,NA
562,28-06-10,Kerala,Kochi,"FCI, OEN Connectors Office Building",Kerala State Pollution Control Board,"Residential, Rural and other Areas",3,10,15,NA
562,7/1/2010,Kerala,Kochi,"FCI, OEN Connectors Office Building",Kerala State Pollution Control Board,"Residential, Rural and other Areas",5,14,28,NA
562,7/5/2010,Kerala,Kochi,"FCI, OEN Connectors Office Building",Kerala State Pollution Control Board,"Residential, Rural and other Areas",4,11,20,NA
562,7/8/2010,Kerala,Kochi,"FCI, OEN Connectors Office Building",Kerala State Pollution Control Board,"Residential, Rural and other Areas",3,22,33,NA
562,7/12/2010,Kerala,Kochi,"FCI, OEN Connectors Office Building",Kerala State Pollution Control Board,"Residential, Rural and other Areas",4,14,10,NA
562,15-07-10,Kerala,Kochi,"FCI, OEN Connectors Office Building",Kerala State Pollution Control Board,"Residential, Rural and other Areas",5,10,17,NA
562,19-07-10,Kerala,Kochi,"FCI, OEN Connectors Office Building",Kerala State Pollution Control Board,"Residential, Rural and other Areas",2,16,23,NA
562,22-07-10,Kerala,Kochi,"FCI, OEN Connectors Office Building",Kerala State Pollution Control Board,"Residential, Rural and other Areas",6,15,19,NA
562,26-07-10,Kerala,Kochi,"FCI, OEN Connectors Office Building",Kerala State Pollution Control Board,"Residential, Rural and other Areas",4,16,23,NA
562,29-07-10,Kerala,Kochi,"FCI, OEN Connectors Office Building",Kerala State Pollution Control Board,"Residential, Rural and other Areas",4,18,26,NA
562,8/2/2010,Kerala,Kochi,"FCI, OEN Connectors Office Building",Kerala State Pollution Control Board,"Residential, Rural and other Areas",2,19,28,NA
562,8/5/2010,Kerala,Kochi,"FCI, OEN Connectors Office Building",Kerala State Pollution Control Board,"Residential, Rural and other Areas",2,14,19,NA
562,8/9/2010,Kerala,Kochi,"FCI, OEN Connectors Office Building",Kerala State Pollution Control Board,"Residential, Rural and other Areas",5,12,22,NA
562,8/12/2010,Kerala,Kochi,"FCI, OEN Connectors Office Building",Kerala State Pollution Control Board,"Residential, Rural and other Areas",3,11,24,NA
562,16-08-10,Kerala,Kochi,"FCI, OEN Connectors Office Building",Kerala State Pollution Control Board,"Residential, Rural and other Areas",2,10,19,NA
562,19-08-10,Kerala,Kochi,"FCI, OEN Connectors Office Building",Kerala State Pollution Control Board,"Residential, Rural and other Areas",3,16,32,NA
562,24-08-10,Kerala,Kochi,"FCI, OEN Connectors Office Building",Kerala State Pollution Control Board,"Residential, Rural and other Areas",2,11,23,NA
562,26-08-10,Kerala,Kochi,"FCI, OEN Connectors Office Building",Kerala State Pollution Control Board,"Residential, Rural and other Areas",6,11,17,NA
562,30-08-10,Kerala,Kochi,"FCI, OEN Connectors Office Building",Kerala State Pollution Control Board,"Residential, Rural and other Areas",5,19,13,NA
562,9/2/2010,Kerala,Kochi,"FCI, OEN Connectors Office Building",Kerala State Pollution Control Board,"Residential, Rural and other Areas",6,9,16,NA
562,9/6/2010,Kerala,Kochi,"FCI, OEN Connectors Office Building",Kerala State Pollution Control Board,"Residential, Rural and other Areas",4,11,26,NA
562,9/8/2010,Kerala,Kochi,"FCI, OEN Connectors Office Building",Kerala State Pollution Control Board,"Residential, Rural and other Areas",2,11,24,NA
562,13-09-10,Kerala,Kochi,"FCI, OEN Connectors Office Building",Kerala State Pollution Control Board,"Residential, Rural and other Areas",2,10,23,NA
562,16-09-10,Kerala,Kochi,"FCI, OEN Connectors Office Building",Kerala State Pollution Control Board,"Residential, Rural and other Areas",6,12,25,NA
562,20-09-10,Kerala,Kochi,"FCI, OEN Connectors Office Building",Kerala State Pollution Control Board,"Residential, Rural and other Areas",2,11,21,NA
562,23-09-10,Kerala,Kochi,"FCI, OEN Connectors Office Building",Kerala State Pollution Control Board,"Residential, Rural and other Areas",3,11,19,NA
562,27-09-10,Kerala,Kochi,"FCI, OEN Connectors Office Building",Kerala State Pollution Control Board,"Residential, Rural and other Areas",2,13,18,NA
562,29-09-10,Kerala,Kochi,"FCI, OEN Connectors Office Building",Kerala State Pollution Control Board,"Residential, Rural and other Areas",3,9,16,NA
562,10/4/2010,Kerala,Kochi,"FCI, OEN Connectors Office Building",Kerala State Pollution Control Board,"Residential, Rural and other Areas",3,8,17,NA
562,10/7/2010,Kerala,Kochi,"FCI, OEN Connectors Office Building",Kerala State Pollution Control Board,"Residential, Rural and other Areas",4,12,19,NA
562,10/11/2010,Kerala,Kochi,"FCI, OEN Connectors Office Building",Kerala State Pollution Control Board,"Residential, Rural and other Areas",3,11,31,NA
562,14-10-10,Kerala,Kochi,"FCI, OEN Connectors Office Building",Kerala State Pollution Control Board,"Residential, Rural and other Areas",3,11,53,NA
562,18-10-10,Kerala,Kochi,"FCI, OEN Connectors Office Building",Kerala State Pollution Control Board,"Residential, Rural and other Areas",3,18,22,NA
562,20-10-10,Kerala,Kochi,"FCI, OEN Connectors Office Building",Kerala State Pollution Control Board,"Residential, Rural and other Areas",9,15,29,NA
562,22-10-10,Kerala,Kochi,"FCI, OEN Connectors Office Building",Kerala State Pollution Control Board,"Residential, Rural and other Areas",3,10,17,NA
562,25-10-10,Kerala,Kochi,"FCI, OEN Connectors Office Building",Kerala State Pollution Control Board,"Residential, Rural and other Areas",3,15,34,NA
562,28-10-10,Kerala,Kochi,"FCI, OEN Connectors Office Building",Kerala State Pollution Control Board,"Residential, Rural and other Areas",3,12,33,NA
562,11/1/2010,Kerala,Kochi,"FCI, OEN Connectors Office Building",Kerala State Pollution Control Board,"Residential, Rural and other Areas",3,18,37,NA
562,11/4/2010,Kerala,Kochi,"FCI, OEN Connectors Office Building",Kerala State Pollution Control Board,"Residential, Rural and other Areas",3,10,43,NA
562,11/8/2010,Kerala,Kochi,"FCI, OEN Connectors Office Building",Kerala State Pollution Control Board,"Residential, Rural and other Areas",3,16,55,NA
562,11/11/2010,Kerala,Kochi,"FCI, OEN Connectors Office Building",Kerala State Pollution Control Board,"Residential, Rural and other Areas",3,13,20,NA
562,15-11-10,Kerala,Kochi,"FCI, OEN Connectors Office Building",Kerala State Pollution Control Board,"Residential, Rural and other Areas",3,13,29,NA
562,18-11-10,Kerala,Kochi,"FCI, OEN Connectors Office Building",Kerala State Pollution Control Board,"Residential, Rural and other Areas",4,9,24,NA
562,22-11-10,Kerala,Kochi,"FCI, OEN Connectors Office Building",Kerala State Pollution Control Board,"Residential, Rural and other Areas",4,14,17,NA
562,25-11-10,Kerala,Kochi,"FCI, OEN Connectors Office Building",Kerala State Pollution Control Board,"Residential, Rural and other Areas",3,21,48,NA
562,29-11-10,Kerala,Kochi,"FCI, OEN Connectors Office Building",Kerala State Pollution Control Board,"Residential, Rural and other Areas",6,16,53,NA
562,12/3/2010,Kerala,Kochi,"FCI, OEN Connectors Office Building",Kerala State Pollution Control Board,"Residential, Rural and other Areas",3,18,61,NA
562,12/6/2010,Kerala,Kochi,"FCI, OEN Connectors Office Building",Kerala State Pollution Control Board,"Residential, Rural and other Areas",2,20,65,NA
562,12/9/2010,Kerala,Kochi,"FCI, OEN Connectors Office Building",Kerala State Pollution Control Board,"Residential, Rural and other Areas",2,15,74,NA
562,13-12-10,Kerala,Kochi,"FCI, OEN Connectors Office Building",Kerala State Pollution Control Board,"Residential, Rural and other Areas",6,6,62,NA
562,16-12-10,Kerala,Kochi,"FCI, OEN Connectors Office Building",Kerala State Pollution Control Board,"Residential, Rural and other Areas",2,21,46,NA
562,20-12-10,Kerala,Kochi,"FCI, OEN Connectors Office Building",Kerala State Pollution Control Board,"Residential, Rural and other Areas",7,17,45,NA
562,23-12-10,Kerala,Kochi,"FCI, OEN Connectors Office Building",Kerala State Pollution Control Board,"Residential, Rural and other Areas",8,21,65,NA
562,27-12-10,Kerala,Kochi,"FCI, OEN Connectors Office Building",Kerala State Pollution Control Board,"Residential, Rural and other Areas",2,14,68,NA
562,30-12-10,Kerala,Kochi,"FCI, OEN Connectors Office Building",Kerala State Pollution Control Board,"Residential, Rural and other Areas",3,19,75,NA
147,1/4/2010,Kerala,Kochi,"MG Road Bank Ernakulum, Kochi",National Environmental Engineering Research Institute,"Residential, Rural and other Areas",7,18,74,NA
147,1/7/2010,Kerala,Kochi,"MG Road Bank Ernakulum, Kochi",National Environmental Engineering Research Institute,"Residential, Rural and other Areas",6,14,78,NA
147,1/11/2010,Kerala,Kochi,"MG Road Bank Ernakulum, Kochi",National Environmental Engineering Research Institute,"Residential, Rural and other Areas",7,12,66,NA
147,14-01-10,Kerala,Kochi,"MG Road Bank Ernakulum, Kochi",National Environmental Engineering Research Institute,"Residential, Rural and other Areas",2,13,36,NA
147,18-01-10,Kerala,Kochi,"MG Road Bank Ernakulum, Kochi",National Environmental Engineering Research Institute,"Residential, Rural and other Areas",5,13,54,NA
147,20-01-10,Kerala,Kochi,"MG Road Bank Ernakulum, Kochi",National Environmental Engineering Research Institute,"Residential, Rural and other Areas",6,18,59,NA
147,22-01-10,Kerala,Kochi,"MG Road Bank Ernakulum, Kochi",National Environmental Engineering Research Institute,"Residential, Rural and other Areas",3,17,56,NA
147,26-01-10,Kerala,Kochi,"MG Road Bank Ernakulum, Kochi",National Environmental Engineering Research Institute,"Residential, Rural and other Areas",3,26,72,NA
147,28-01-10,Kerala,Kochi,"MG Road Bank Ernakulum, Kochi",National Environmental Engineering Research Institute,"Residential, Rural and other Areas",4,6,44,NA
147,2/1/2010,Kerala,Kochi,"MG Road Bank Ernakulum, Kochi",National Environmental Engineering Research Institute,"Residential, Rural and other Areas",3,19,65,NA
147,2/4/2010,Kerala,Kochi,"MG Road Bank Ernakulum, Kochi",National Environmental Engineering Research Institute,"Residential, Rural and other Areas",15,12,69,NA
147,2/8/2010,Kerala,Kochi,"MG Road Bank Ernakulum, Kochi",National Environmental Engineering Research Institute,"Residential, Rural and other Areas",10,18,75,NA
147,2/10/2010,Kerala,Kochi,"MG Road Bank Ernakulum, Kochi",National Environmental Engineering Research Institute,"Residential, Rural and other Areas",3,8,74,NA
147,15-02-10,Kerala,Kochi,"MG Road Bank Ernakulum, Kochi",National Environmental Engineering Research Institute,"Residential, Rural and other Areas",2,9,62,NA
147,17-02-10,Kerala,Kochi,"MG Road Bank Ernakulum, Kochi",National Environmental Engineering Research Institute,"Residential, Rural and other Areas",8,14,49,NA
147,19-02-10,Kerala,Kochi,"MG Road Bank Ernakulum, Kochi",National Environmental Engineering Research Institute,"Residential, Rural and other Areas",7,11,50,NA
147,22-02-10,Kerala,Kochi,"MG Road Bank Ernakulum, Kochi",National Environmental Engineering Research Institute,"Residential, Rural and other Areas",3,9,31,NA
147,25-02-10,Kerala,Kochi,"MG Road Bank Ernakulum, Kochi",National Environmental Engineering Research Institute,"Residential, Rural and other Areas",4,15,33,NA
147,3/1/2010,Kerala,Kochi,"MG Road Bank Ernakulum, Kochi",National Environmental Engineering Research Institute,"Residential, Rural and other Areas",5,9,33,NA
147,3/4/2010,Kerala,Kochi,"MG Road Bank Ernakulum, Kochi",National Environmental Engineering Research Institute,"Residential, Rural and other Areas",2,11,48,NA
147,3/8/2010,Kerala,Kochi,"MG Road Bank Ernakulum, Kochi",National Environmental Engineering Research Institute,"Residential, Rural and other Areas",3,11,31,NA
147,3/11/2010,Kerala,Kochi,"MG Road Bank Ernakulum, Kochi",National Environmental Engineering Research Institute,"Residential, Rural and other Areas",2,9,34,NA
147,15-03-10,Kerala,Kochi,"MG Road Bank Ernakulum, Kochi",National Environmental Engineering Research Institute,"Residential, Rural and other Areas",4,11,38,NA
147,18-03-10,Kerala,Kochi,"MG Road Bank Ernakulum, Kochi",National Environmental Engineering Research Institute,"Residential, Rural and other Areas",4,10,47,NA
147,22-03-10,Kerala,Kochi,"MG Road Bank Ernakulum, Kochi",National Environmental Engineering Research Institute,"Residential, Rural and other Areas",2,10,44,NA
147,25-03-10,Kerala,Kochi,"MG Road Bank Ernakulum, Kochi",National Environmental Engineering Research Institute,"Residential, Rural and other Areas",2,9,48,NA
147,29-03-10,Kerala,Kochi,"MG Road Bank Ernakulum, Kochi",National Environmental Engineering Research Institute,"Residential, Rural and other Areas",7,12,36,NA
147,4/1/2010,Kerala,Kochi,"MG Road Bank Ernakulum, Kochi",National Environmental Engineering Research Institute,"Residential, Rural and other Areas",4,8,31,NA
147,4/5/2010,Kerala,Kochi,"MG Road Bank Ernakulum, Kochi",National Environmental Engineering Research Institute,"Residential, Rural and other Areas",12,11,44,NA
147,4/8/2010,Kerala,Kochi,"MG Road Bank Ernakulum, Kochi",National Environmental Engineering Research Institute,"Residential, Rural and other Areas",7,13,32,NA
147,4/12/2010,Kerala,Kochi,"MG Road Bank Ernakulum, Kochi",National Environmental Engineering Research Institute,"Residential, Rural and other Areas",4,10,24,NA
147,16-04-10,Kerala,Kochi,"MG Road Bank Ernakulum, Kochi",National Environmental Engineering Research Institute,"Residential, Rural and other Areas",4,11,35,NA
147,19-04-10,Kerala,Kochi,"MG Road Bank Ernakulum, Kochi",National Environmental Engineering Research Institute,"Residential, Rural and other Areas",4,11,25,NA
147,22-04-10,Kerala,Kochi,"MG Road Bank Ernakulum, Kochi",National Environmental Engineering Research Institute,"Residential, Rural and other Areas",4,10,40,NA
147,26-04-10,Kerala,Kochi,"MG Road Bank Ernakulum, Kochi",National Environmental Engineering Research Institute,"Residential, Rural and other Areas",4,11,29,NA
147,29-04-10,Kerala,Kochi,"MG Road Bank Ernakulum, Kochi",National Environmental Engineering Research Institute,"Residential, Rural and other Areas",3,10,22,NA
147,5/3/2010,Kerala,Kochi,"MG Road Bank Ernakulum, Kochi",National Environmental Engineering Research Institute,"Residential, Rural and other Areas",2,11,24,NA
147,5/6/2010,Kerala,Kochi,"MG Road Bank Ernakulum, Kochi",National Environmental Engineering Research Institute,"Residential, Rural and other Areas",3,9,34,NA
147,5/10/2010,Kerala,Kochi,"MG Road Bank Ernakulum, Kochi",National Environmental Engineering Research Institute,"Residential, Rural and other Areas",2,9,24,NA
147,13-05-10,Kerala,Kochi,"MG Road Bank Ernakulum, Kochi",National Environmental Engineering Research Institute,"Residential, Rural and other Areas",3,8,24,NA
147,17-05-10,Kerala,Kochi,"MG Road Bank Ernakulum, Kochi",National Environmental Engineering Research Institute,"Residential, Rural and other Areas",4,9,29,NA
147,19-05-10,Kerala,Kochi,"MG Road Bank Ernakulum, Kochi",National Environmental Engineering Research Institute,"Residential, Rural and other Areas",3,8,53,NA
147,21-05-10,Kerala,Kochi,"MG Road Bank Ernakulum, Kochi",National Environmental Engineering Research Institute,"Residential, Rural and other Areas",4,9,31,NA
147,24-05-10,Kerala,Kochi,"MG Road Bank Ernakulum, Kochi",National Environmental Engineering Research Institute,"Residential, Rural and other Areas",2,8,22,NA
147,27-05-10,Kerala,Kochi,"MG Road Bank Ernakulum, Kochi",National Environmental Engineering Research Institute,"Residential, Rural and other Areas",11,23,22,NA
147,6/1/2010,Kerala,Kochi,"MG Road Bank Ernakulum, Kochi",National Environmental Engineering Research Institute,"Residential, Rural and other Areas",4,13,17,NA
147,6/3/2010,Kerala,Kochi,"MG Road Bank Ernakulum, Kochi",National Environmental Engineering Research Institute,"Residential, Rural and other Areas",3,12,16,NA
147,6/7/2010,Kerala,Kochi,"MG Road Bank Ernakulum, Kochi",National Environmental Engineering Research Institute,"Residential, Rural and other Areas",7,9,20,NA
147,6/10/2010,Kerala,Kochi,"MG Road Bank Ernakulum, Kochi",National Environmental Engineering Research Institute,"Residential, Rural and other Areas",9,11,20,NA
147,14-06-10,Kerala,Kochi,"MG Road Bank Ernakulum, Kochi",National Environmental Engineering Research Institute,"Residential, Rural and other Areas",2,10,18,NA
147,17-06-10,Kerala,Kochi,"MG Road Bank Ernakulum, Kochi",National Environmental Engineering Research Institute,"Residential, Rural and other Areas",2,9,23,NA
147,21-06-10,Kerala,Kochi,"MG Road Bank Ernakulum, Kochi",National Environmental Engineering Research Institute,"Residential, Rural and other Areas",6,8,17,NA
147,24-06-10,Kerala,Kochi,"MG Road Bank Ernakulum, Kochi",National Environmental Engineering Research Institute,"Residential, Rural and other Areas",4,9,17,NA
147,28-06-10,Kerala,Kochi,"MG Road Bank Ernakulum, Kochi",National Environmental Engineering Research Institute,"Residential, Rural and other Areas",2,8,10,NA
147,7/1/2010,Kerala,Kochi,"MG Road Bank Ernakulum, Kochi",National Environmental Engineering Research Institute,"Residential, Rural and other Areas",4,9,21,NA
147,7/5/2010,Kerala,Kochi,"MG Road Bank Ernakulum, Kochi",National Environmental Engineering Research Institute,"Residential, Rural and other Areas",4,10,13,NA
147,7/8/2010,Kerala,Kochi,"MG Road Bank Ernakulum, Kochi",National Environmental Engineering Research Institute,"Residential, Rural and other Areas",2,18,24,NA
147,7/12/2010,Kerala,Kochi,"MG Road Bank Ernakulum, Kochi",National Environmental Engineering Research Institute,"Residential, Rural and other Areas",6,12,7,NA
147,15-07-10,Kerala,Kochi,"MG Road Bank Ernakulum, Kochi",National Environmental Engineering Research Institute,"Residential, Rural and other Areas",9,13,9,NA
147,19-07-10,Kerala,Kochi,"MG Road Bank Ernakulum, Kochi",National Environmental Engineering Research Institute,"Residential, Rural and other Areas",2,9,18,NA
147,22-07-10,Kerala,Kochi,"MG Road Bank Ernakulum, Kochi",National Environmental Engineering Research Institute,"Residential, Rural and other Areas",7,9,15,NA
147,26-07-10,Kerala,Kochi,"MG Road Bank Ernakulum, Kochi",National Environmental Engineering Research Institute,"Residential, Rural and other Areas",3,8,15,NA
147,29-07-10,Kerala,Kochi,"MG Road Bank Ernakulum, Kochi",National Environmental Engineering Research Institute,"Residential, Rural and other Areas",3,12,17,NA
147,8/2/2010,Kerala,Kochi,"MG Road Bank Ernakulum, Kochi",National Environmental Engineering Research Institute,"Residential, Rural and other Areas",2,12,22,NA
147,8/5/2010,Kerala,Kochi,"MG Road Bank Ernakulum, Kochi",National Environmental Engineering Research Institute,"Residential, Rural and other Areas",2,10,19,NA
147,8/9/2010,Kerala,Kochi,"MG Road Bank Ernakulum, Kochi",National Environmental Engineering Research Institute,"Residential, Rural and other Areas",4,8,25,NA
147,16-08-10,Kerala,Kochi,"MG Road Bank Ernakulum, Kochi",National Environmental Engineering Research Institute,"Residential, Rural and other Areas",2,11,12,NA
147,18-08-10,Kerala,Kochi,"MG Road Bank Ernakulum, Kochi",National Environmental Engineering Research Institute,"Residential, Rural and other Areas",2,26,26,NA
147,20-08-10,Kerala,Kochi,"MG Road Bank Ernakulum, Kochi",National Environmental Engineering Research Institute,"Residential, Rural and other Areas",2,14,26,NA
147,24-08-10,Kerala,Kochi,"MG Road Bank Ernakulum, Kochi",National Environmental Engineering Research Institute,"Residential, Rural and other Areas",2,14,22,NA
147,26-08-10,Kerala,Kochi,"MG Road Bank Ernakulum, Kochi",National Environmental Engineering Research Institute,"Residential, Rural and other Areas",3,11,19,NA
147,30-08-10,Kerala,Kochi,"MG Road Bank Ernakulum, Kochi",National Environmental Engineering Research Institute,"Residential, Rural and other Areas",3,13,20,NA
147,9/2/2010,Kerala,Kochi,"MG Road Bank Ernakulum, Kochi",National Environmental Engineering Research Institute,"Residential, Rural and other Areas",4,8,14,NA
147,9/6/2010,Kerala,Kochi,"MG Road Bank Ernakulum, Kochi",National Environmental Engineering Research Institute,"Residential, Rural and other Areas",3,9,28,NA
147,9/8/2010,Kerala,Kochi,"MG Road Bank Ernakulum, Kochi",National Environmental Engineering Research Institute,"Residential, Rural and other Areas",3,9,14,NA
147,13-09-10,Kerala,Kochi,"MG Road Bank Ernakulum, Kochi",National Environmental Engineering Research Institute,"Residential, Rural and other Areas",2,10,15,NA
147,16-09-10,Kerala,Kochi,"MG Road Bank Ernakulum, Kochi",National Environmental Engineering Research Institute,"Residential, Rural and other Areas",4,16,21,NA
147,20-09-10,Kerala,Kochi,"MG Road Bank Ernakulum, Kochi",National Environmental Engineering Research Institute,"Residential, Rural and other Areas",2,13,21,NA
147,23-09-10,Kerala,Kochi,"MG Road Bank Ernakulum, Kochi",National Environmental Engineering Research Institute,"Residential, Rural and other Areas",5,13,22,NA
147,27-09-10,Kerala,Kochi,"MG Road Bank Ernakulum, Kochi",National Environmental Engineering Research Institute,"Residential, Rural and other Areas",3,12,17,NA
147,29-09-10,Kerala,Kochi,"MG Road Bank Ernakulum, Kochi",National Environmental Engineering Research Institute,"Residential, Rural and other Areas",3,9,22,NA
147,10/4/2010,Kerala,Kochi,"MG Road Bank Ernakulum, Kochi",National Environmental Engineering Research Institute,"Residential, Rural and other Areas",4,8,14,NA
147,10/7/2010,Kerala,Kochi,"MG Road Bank Ernakulum, Kochi",National Environmental Engineering Research Institute,"Residential, Rural and other Areas",4,14,24,NA
147,10/11/2010,Kerala,Kochi,"MG Road Bank Ernakulum, Kochi",National Environmental Engineering Research Institute,"Residential, Rural and other Areas",6,12,28,NA
147,14-10-10,Kerala,Kochi,"MG Road Bank Ernakulum, Kochi",National Environmental Engineering Research Institute,"Residential, Rural and other Areas",5,14,43,NA
147,18-10-10,Kerala,Kochi,"MG Road Bank Ernakulum, Kochi",National Environmental Engineering Research Institute,"Residential, Rural and other Areas",3,14,27,NA
147,20-10-10,Kerala,Kochi,"MG Road Bank Ernakulum, Kochi",National Environmental Engineering Research Institute,"Residential, Rural and other Areas",6,20,28,NA
147,22-10-10,Kerala,Kochi,"MG Road Bank Ernakulum, Kochi",National Environmental Engineering Research Institute,"Residential, Rural and other Areas",2,17,39,NA
147,25-10-10,Kerala,Kochi,"MG Road Bank Ernakulum, Kochi",National Environmental Engineering Research Institute,"Residential, Rural and other Areas",2,16,31,NA
147,28-10-10,Kerala,Kochi,"MG Road Bank Ernakulum, Kochi",National Environmental Engineering Research Institute,"Residential, Rural and other Areas",2,20,29,NA
147,11/1/2010,Kerala,Kochi,"MG Road Bank Ernakulum, Kochi",National Environmental Engineering Research Institute,"Residential, Rural and other Areas",3,25,38,NA
147,11/4/2010,Kerala,Kochi,"MG Road Bank Ernakulum, Kochi",National Environmental Engineering Research Institute,"Residential, Rural and other Areas",3,13,35,NA
147,11/8/2010,Kerala,Kochi,"MG Road Bank Ernakulum, Kochi",National Environmental Engineering Research Institute,"Residential, Rural and other Areas",3,12,40,NA
147,11/11/2010,Kerala,Kochi,"MG Road Bank Ernakulum, Kochi",National Environmental Engineering Research Institute,"Residential, Rural and other Areas",4,12,12,NA
147,15-11-10,Kerala,Kochi,"MG Road Bank Ernakulum, Kochi",National Environmental Engineering Research Institute,"Residential, Rural and other Areas",3,16,28,NA
147,18-11-10,Kerala,Kochi,"MG Road Bank Ernakulum, Kochi",National Environmental Engineering Research Institute,"Residential, Rural and other Areas",10,16,21,NA
147,22-11-10,Kerala,Kochi,"MG Road Bank Ernakulum, Kochi",National Environmental Engineering Research Institute,"Residential, Rural and other Areas",3,21,20,NA
147,25-11-10,Kerala,Kochi,"MG Road Bank Ernakulum, Kochi",National Environmental Engineering Research Institute,"Residential, Rural and other Areas",4,30,61,NA
147,29-11-10,Kerala,Kochi,"MG Road Bank Ernakulum, Kochi",National Environmental Engineering Research Institute,"Residential, Rural and other Areas",5,18,57,NA
147,12/3/2010,Kerala,Kochi,"MG Road Bank Ernakulum, Kochi",National Environmental Engineering Research Institute,"Residential, Rural and other Areas",5,22,63,NA
147,12/6/2010,Kerala,Kochi,"MG Road Bank Ernakulum, Kochi",National Environmental Engineering Research Institute,"Residential, Rural and other Areas",2,17,68,NA
147,12/9/2010,Kerala,Kochi,"MG Road Bank Ernakulum, Kochi",National Environmental Engineering Research Institute,"Residential, Rural and other Areas",2,22,64,NA
147,13-12-10,Kerala,Kochi,"MG Road Bank Ernakulum, Kochi",National Environmental Engineering Research Institute,"Residential, Rural and other Areas",2,11,51,NA
147,16-12-10,Kerala,Kochi,"MG Road Bank Ernakulum, Kochi",National Environmental Engineering Research Institute,"Residential, Rural and other Areas",2,20,40,NA
147,21-12-10,Kerala,Kochi,"MG Road Bank Ernakulum, Kochi",National Environmental Engineering Research Institute,"Residential, Rural and other Areas",2,15,51,NA
147,23-12-10,Kerala,Kochi,"MG Road Bank Ernakulum, Kochi",National Environmental Engineering Research Institute,"Residential, Rural and other Areas",3,22,74,NA
147,27-12-10,Kerala,Kochi,"MG Road Bank Ernakulum, Kochi",National Environmental Engineering Research Institute,"Residential, Rural and other Areas",6,20,64,NA
147,30-12-10,Kerala,Kochi,"MG Road Bank Ernakulum, Kochi",National Environmental Engineering Research Institute,"Residential, Rural and other Areas",8,22,72,NA
147,31-12-10,Kerala,Kochi,"MG Road Bank Ernakulum, Kochi",National Environmental Engineering Research Institute,"Residential, Rural and other Areas",6,21,38,NA
346,1/6/2010,Kerala,Kochi,"CSIR Complex, Kochi",National Environmental Engineering Research Institute,"Residential, Rural and other Areas",13,19,88,NA
346,1/7/2010,Kerala,Kochi,"CSIR Complex, Kochi",National Environmental Engineering Research Institute,"Residential, Rural and other Areas",8,15,84,NA
346,1/11/2010,Kerala,Kochi,"CSIR Complex, Kochi",National Environmental Engineering Research Institute,"Residential, Rural and other Areas",7,11,71,NA
346,14-01-10,Kerala,Kochi,"CSIR Complex, Kochi",National Environmental Engineering Research Institute,"Residential, Rural and other Areas",3,14,47,NA
346,18-01-10,Kerala,Kochi,"CSIR Complex, Kochi",National Environmental Engineering Research Institute,"Residential, Rural and other Areas",4,15,72,NA
346,20-01-10,Kerala,Kochi,"CSIR Complex, Kochi",National Environmental Engineering Research Institute,"Residential, Rural and other Areas",4,16,84,NA
346,22-01-10,Kerala,Kochi,"CSIR Complex, Kochi",National Environmental Engineering Research Institute,"Residential, Rural and other Areas",7,16,76,NA
346,26-01-10,Kerala,Kochi,"CSIR Complex, Kochi",National Environmental Engineering Research Institute,"Residential, Rural and other Areas",7,24,80,NA
346,28-01-10,Kerala,Kochi,"CSIR Complex, Kochi",National Environmental Engineering Research Institute,"Residential, Rural and other Areas",4,14,67,NA
346,2/1/2010,Kerala,Kochi,"CSIR Complex, Kochi",National Environmental Engineering Research Institute,"Residential, Rural and other Areas",2,16,80,NA
346,2/4/2010,Kerala,Kochi,"CSIR Complex, Kochi",National Environmental Engineering Research Institute,"Residential, Rural and other Areas",6,12,91,NA
346,2/8/2010,Kerala,Kochi,"CSIR Complex, Kochi",National Environmental Engineering Research Institute,"Residential, Rural and other Areas",3,21,115,NA
346,2/10/2010,Kerala,Kochi,"CSIR Complex, Kochi",National Environmental Engineering Research Institute,"Residential, Rural and other Areas",8,14,81,NA
346,15-02-10,Kerala,Kochi,"CSIR Complex, Kochi",National Environmental Engineering Research Institute,"Residential, Rural and other Areas",3,13,82,NA
346,17-02-10,Kerala,Kochi,"CSIR Complex, Kochi",National Environmental Engineering Research Institute,"Residential, Rural and other Areas",2,5,63,NA
346,19-02-10,Kerala,Kochi,"CSIR Complex, Kochi",National Environmental Engineering Research Institute,"Residential, Rural and other Areas",6,14,68,NA
346,22-02-10,Kerala,Kochi,"CSIR Complex, Kochi",National Environmental Engineering Research Institute,"Residential, Rural and other Areas",4,9,44,NA
346,25-02-10,Kerala,Kochi,"CSIR Complex, Kochi",National Environmental Engineering Research Institute,"Residential, Rural and other Areas",14,16,46,NA
346,3/1/2010,Kerala,Kochi,"CSIR Complex, Kochi",National Environmental Engineering Research Institute,"Residential, Rural and other Areas",9,12,53,NA
346,3/4/2010,Kerala,Kochi,"CSIR Complex, Kochi",National Environmental Engineering Research Institute,"Residential, Rural and other Areas",3,15,77,NA
346,3/8/2010,Kerala,Kochi,"CSIR Complex, Kochi",National Environmental Engineering Research Institute,"Residential, Rural and other Areas",2,12,47,NA
346,3/11/2010,Kerala,Kochi,"CSIR Complex, Kochi",National Environmental Engineering Research Institute,"Residential, Rural and other Areas",4,6,52,NA
346,15-03-10,Kerala,Kochi,"CSIR Complex, Kochi",National Environmental Engineering Research Institute,"Residential, Rural and other Areas",9,8,42,NA
346,18-03-10,Kerala,Kochi,"CSIR Complex, Kochi",National Environmental Engineering Research Institute,"Residential, Rural and other Areas",8,14,66,NA
346,22-03-10,Kerala,Kochi,"CSIR Complex, Kochi",National Environmental Engineering Research Institute,"Residential, Rural and other Areas",3,12,60,NA
346,25-03-10,Kerala,Kochi,"CSIR Complex, Kochi",National Environmental Engineering Research Institute,"Residential, Rural and other Areas",4,12,52,NA
346,29-03-10,Kerala,Kochi,"CSIR Complex, Kochi",National Environmental Engineering Research Institute,"Residential, Rural and other Areas",2,10,52,NA
346,4/1/2010,Kerala,Kochi,"CSIR Complex, Kochi",National Environmental Engineering Research Institute,"Residential, Rural and other Areas",8,16,45,NA
346,4/5/2010,Kerala,Kochi,"CSIR Complex, Kochi",National Environmental Engineering Research Institute,"Residential, Rural and other Areas",6,12,25,NA
346,4/8/2010,Kerala,Kochi,"CSIR Complex, Kochi",National Environmental Engineering Research Institute,"Residential, Rural and other Areas",8,15,37,NA
346,4/12/2010,Kerala,Kochi,"CSIR Complex, Kochi",National Environmental Engineering Research Institute,"Residential, Rural and other Areas",3,17,36,NA
346,16-04-10,Kerala,Kochi,"CSIR Complex, Kochi",National Environmental Engineering Research Institute,"Residential, Rural and other Areas",9,27,66,NA
346,19-04-10,Kerala,Kochi,"CSIR Complex, Kochi",National Environmental Engineering Research Institute,"Residential, Rural and other Areas",6,16,36,NA
346,22-04-10,Kerala,Kochi,"CSIR Complex, Kochi",National Environmental Engineering Research Institute,"Residential, Rural and other Areas",5,14,54,NA
346,26-04-10,Kerala,Kochi,"CSIR Complex, Kochi",National Environmental Engineering Research Institute,"Residential, Rural and other Areas",5,14,45,NA
346,29-04-10,Kerala,Kochi,"CSIR Complex, Kochi",National Environmental Engineering Research Institute,"Residential, Rural and other Areas",2,13,42,NA
346,5/3/2010,Kerala,Kochi,"CSIR Complex, Kochi",National Environmental Engineering Research Institute,"Residential, Rural and other Areas",4,14,48,NA
346,5/6/2010,Kerala,Kochi,"CSIR Complex, Kochi",National Environmental Engineering Research Institute,"Residential, Rural and other Areas",4,11,47,NA
346,5/10/2010,Kerala,Kochi,"CSIR Complex, Kochi",National Environmental Engineering Research Institute,"Residential, Rural and other Areas",4,13,44,NA
346,13-05-10,Kerala,Kochi,"CSIR Complex, Kochi",National Environmental Engineering Research Institute,"Residential, Rural and other Areas",6,11,47,NA
346,17-05-10,Kerala,Kochi,"CSIR Complex, Kochi",National Environmental Engineering Research Institute,"Residential, Rural and other Areas",4,13,38,NA
346,19-05-10,Kerala,Kochi,"CSIR Complex, Kochi",National Environmental Engineering Research Institute,"Residential, Rural and other Areas",2,23,56,NA
346,21-05-10,Kerala,Kochi,"CSIR Complex, Kochi",National Environmental Engineering Research Institute,"Residential, Rural and other Areas",7,31,77,NA
346,24-05-10,Kerala,Kochi,"CSIR Complex, Kochi",National Environmental Engineering Research Institute,"Residential, Rural and other Areas",8,15,26,NA
346,27-05-10,Kerala,Kochi,"CSIR Complex, Kochi",National Environmental Engineering Research Institute,"Residential, Rural and other Areas",5,14,35,NA
346,6/1/2010,Kerala,Kochi,"CSIR Complex, Kochi",National Environmental Engineering Research Institute,"Residential, Rural and other Areas",16,15,21,NA
346,6/3/2010,Kerala,Kochi,"CSIR Complex, Kochi",National Environmental Engineering Research Institute,"Residential, Rural and other Areas",4,14,27,NA
346,6/7/2010,Kerala,Kochi,"CSIR Complex, Kochi",National Environmental Engineering Research Institute,"Residential, Rural and other Areas",7,11,27,NA
346,6/10/2010,Kerala,Kochi,"CSIR Complex, Kochi",National Environmental Engineering Research Institute,"Residential, Rural and other Areas",7,15,34,NA
346,14-06-10,Kerala,Kochi,"CSIR Complex, Kochi",National Environmental Engineering Research Institute,"Residential, Rural and other Areas",2,21,70,NA
346,17-06-10,Kerala,Kochi,"CSIR Complex, Kochi",National Environmental Engineering Research Institute,"Residential, Rural and other Areas",6,23,54,NA
346,21-06-10,Kerala,Kochi,"CSIR Complex, Kochi",National Environmental Engineering Research Institute,"Residential, Rural and other Areas",5,13,31,NA
346,24-06-10,Kerala,Kochi,"CSIR Complex, Kochi",National Environmental Engineering Research Institute,"Residential, Rural and other Areas",5,11,38,NA
346,28-06-10,Kerala,Kochi,"CSIR Complex, Kochi",National Environmental Engineering Research Institute,"Residential, Rural and other Areas",4,13,30,NA
346,7/1/2010,Kerala,Kochi,"CSIR Complex, Kochi",National Environmental Engineering Research Institute,"Residential, Rural and other Areas",6,13,34,NA
346,7/5/2010,Kerala,Kochi,"CSIR Complex, Kochi",National Environmental Engineering Research Institute,"Residential, Rural and other Areas",13,12,26,NA
346,7/8/2010,Kerala,Kochi,"CSIR Complex, Kochi",National Environmental Engineering Research Institute,"Residential, Rural and other Areas",9,14,28,NA
346,7/12/2010,Kerala,Kochi,"CSIR Complex, Kochi",National Environmental Engineering Research Institute,"Residential, Rural and other Areas",16,17,18,NA
346,15-07-10,Kerala,Kochi,"CSIR Complex, Kochi",National Environmental Engineering Research Institute,"Residential, Rural and other Areas",9,11,14,NA
346,19-07-10,Kerala,Kochi,"CSIR Complex, Kochi",National Environmental Engineering Research Institute,"Residential, Rural and other Areas",2,12,20,NA
346,22-07-10,Kerala,Kochi,"CSIR Complex, Kochi",National Environmental Engineering Research Institute,"Residential, Rural and other Areas",20,13,18,NA
346,26-07-10,Kerala,Kochi,"CSIR Complex, Kochi",National Environmental Engineering Research Institute,"Residential, Rural and other Areas",7,15,21,NA
346,29-07-10,Kerala,Kochi,"CSIR Complex, Kochi",National Environmental Engineering Research Institute,"Residential, Rural and other Areas",6,18,27,NA
346,8/2/2010,Kerala,Kochi,"CSIR Complex, Kochi",National Environmental Engineering Research Institute,"Residential, Rural and other Areas",4,15,29,NA
346,8/5/2010,Kerala,Kochi,"CSIR Complex, Kochi",National Environmental Engineering Research Institute,"Residential, Rural and other Areas",2,11,17,NA
346,8/9/2010,Kerala,Kochi,"CSIR Complex, Kochi",National Environmental Engineering Research Institute,"Residential, Rural and other Areas",11,9,14,NA
346,8/12/2010,Kerala,Kochi,"CSIR Complex, Kochi",National Environmental Engineering Research Institute,"Residential, Rural and other Areas",11,9,13,NA
346,16-08-10,Kerala,Kochi,"CSIR Complex, Kochi",National Environmental Engineering Research Institute,"Residential, Rural and other Areas",4,12,14,NA
346,19-08-10,Kerala,Kochi,"CSIR Complex, Kochi",National Environmental Engineering Research Institute,"Residential, Rural and other Areas",14,12,22,NA
346,24-08-10,Kerala,Kochi,"CSIR Complex, Kochi",National Environmental Engineering Research Institute,"Residential, Rural and other Areas",23,13,28,NA
346,26-08-10,Kerala,Kochi,"CSIR Complex, Kochi",National Environmental Engineering Research Institute,"Residential, Rural and other Areas",7,10,14,NA
346,30-08-10,Kerala,Kochi,"CSIR Complex, Kochi",National Environmental Engineering Research Institute,"Residential, Rural and other Areas",8,13,7,NA
346,9/2/2010,Kerala,Kochi,"CSIR Complex, Kochi",National Environmental Engineering Research Institute,"Residential, Rural and other Areas",4,8,11,NA
346,9/6/2010,Kerala,Kochi,"CSIR Complex, Kochi",National Environmental Engineering Research Institute,"Residential, Rural and other Areas",5,12,24,NA
346,9/8/2010,Kerala,Kochi,"CSIR Complex, Kochi",National Environmental Engineering Research Institute,"Residential, Rural and other Areas",3,9,38,NA
346,13-09-10,Kerala,Kochi,"CSIR Complex, Kochi",National Environmental Engineering Research Institute,"Residential, Rural and other Areas",6,11,21,NA
346,16-09-10,Kerala,Kochi,"CSIR Complex, Kochi",National Environmental Engineering Research Institute,"Residential, Rural and other Areas",7,13,34,NA
346,20-09-10,Kerala,Kochi,"CSIR Complex, Kochi",National Environmental Engineering Research Institute,"Residential, Rural and other Areas",5,10,24,NA
346,23-09-10,Kerala,Kochi,"CSIR Complex, Kochi",National Environmental Engineering Research Institute,"Residential, Rural and other Areas",3,11,17,NA
346,27-09-10,Kerala,Kochi,"CSIR Complex, Kochi",National Environmental Engineering Research Institute,"Residential, Rural and other Areas",3,26,28,NA
346,29-09-10,Kerala,Kochi,"CSIR Complex, Kochi",National Environmental Engineering Research Institute,"Residential, Rural and other Areas",3,19,30,NA
346,10/4/2010,Kerala,Kochi,"CSIR Complex, Kochi",National Environmental Engineering Research Institute,"Residential, Rural and other Areas",3,14,42,NA
346,10/7/2010,Kerala,Kochi,"CSIR Complex, Kochi",National Environmental Engineering Research Institute,"Residential, Rural and other Areas",4,19,37,NA
346,10/11/2010,Kerala,Kochi,"CSIR Complex, Kochi",National Environmental Engineering Research Institute,"Residential, Rural and other Areas",5,24,62,NA
346,14-10-10,Kerala,Kochi,"CSIR Complex, Kochi",National Environmental Engineering Research Institute,"Residential, Rural and other Areas",3,14,54,NA
346,18-10-10,Kerala,Kochi,"CSIR Complex, Kochi",National Environmental Engineering Research Institute,"Residential, Rural and other Areas",4,21,36,NA
346,20-10-10,Kerala,Kochi,"CSIR Complex, Kochi",National Environmental Engineering Research Institute,"Residential, Rural and other Areas",8,13,30,NA
346,22-10-10,Kerala,Kochi,"CSIR Complex, Kochi",National Environmental Engineering Research Institute,"Residential, Rural and other Areas",4,14,20,NA
346,25-10-10,Kerala,Kochi,"CSIR Complex, Kochi",National Environmental Engineering Research Institute,"Residential, Rural and other Areas",5,16,54,NA
346,28-10-10,Kerala,Kochi,"CSIR Complex, Kochi",National Environmental Engineering Research Institute,"Residential, Rural and other Areas",3,21,47,NA
346,11/1/2010,Kerala,Kochi,"CSIR Complex, Kochi",National Environmental Engineering Research Institute,"Residential, Rural and other Areas",3,35,59,NA
346,11/4/2010,Kerala,Kochi,"CSIR Complex, Kochi",National Environmental Engineering Research Institute,"Residential, Rural and other Areas",3,13,51,NA
346,11/8/2010,Kerala,Kochi,"CSIR Complex, Kochi",National Environmental Engineering Research Institute,"Residential, Rural and other Areas",3,27,61,NA
346,11/11/2010,Kerala,Kochi,"CSIR Complex, Kochi",National Environmental Engineering Research Institute,"Residential, Rural and other Areas",2,21,32,NA
346,15-11-10,Kerala,Kochi,"CSIR Complex, Kochi",National Environmental Engineering Research Institute,"Residential, Rural and other Areas",3,17,45,NA
346,18-11-10,Kerala,Kochi,"CSIR Complex, Kochi",National Environmental Engineering Research Institute,"Residential, Rural and other Areas",10,13,27,NA
346,22-11-10,Kerala,Kochi,"CSIR Complex, Kochi",National Environmental Engineering Research Institute,"Residential, Rural and other Areas",5,19,44,NA
346,25-11-10,Kerala,Kochi,"CSIR Complex, Kochi",National Environmental Engineering Research Institute,"Residential, Rural and other Areas",6,29,57,NA
346,29-11-10,Kerala,Kochi,"CSIR Complex, Kochi",National Environmental Engineering Research Institute,"Residential, Rural and other Areas",8,19,53,NA
346,12/3/2010,Kerala,Kochi,"CSIR Complex, Kochi",National Environmental Engineering Research Institute,"Residential, Rural and other Areas",3,18,57,NA
346,12/6/2010,Kerala,Kochi,"CSIR Complex, Kochi",National Environmental Engineering Research Institute,"Residential, Rural and other Areas",3,20,78,NA
346,12/9/2010,Kerala,Kochi,"CSIR Complex, Kochi",National Environmental Engineering Research Institute,"Residential, Rural and other Areas",2,17,68,NA
346,13-12-10,Kerala,Kochi,"CSIR Complex, Kochi",National Environmental Engineering Research Institute,"Residential, Rural and other Areas",2,6,45,NA
346,16-12-10,Kerala,Kochi,"CSIR Complex, Kochi",National Environmental Engineering Research Institute,"Residential, Rural and other Areas",3,20,50,NA
346,20-12-10,Kerala,Kochi,"CSIR Complex, Kochi",National Environmental Engineering Research Institute,"Residential, Rural and other Areas",2,12,42,NA
346,23-12-10,Kerala,Kochi,"CSIR Complex, Kochi",National Environmental Engineering Research Institute,"Residential, Rural and other Areas",2,10,62,NA
346,27-12-10,Kerala,Kochi,"CSIR Complex, Kochi",National Environmental Engineering Research Institute,"Residential, Rural and other Areas",3,12,90,NA
346,30-12-10,Kerala,Kochi,"CSIR Complex, Kochi",National Environmental Engineering Research Institute,"Residential, Rural and other Areas",2,22,95,NA
621,1/4/2010,Kerala,Kollam,"KSPCB, District Office, Kadappakada, Kollam",Kerala State Pollution Control Board,"Residential, Rural and other Areas",2,16,98,NA
621,1/6/2010,Kerala,Kollam,"KSPCB, District Office, Kadappakada, Kollam",Kerala State Pollution Control Board,"Residential, Rural and other Areas",3,27,108,NA
621,1/11/2010,Kerala,Kollam,"KSPCB, District Office, Kadappakada, Kollam",Kerala State Pollution Control Board,"Residential, Rural and other Areas",2,21,84,NA
621,13-01-10,Kerala,Kollam,"KSPCB, District Office, Kadappakada, Kollam",Kerala State Pollution Control Board,"Residential, Rural and other Areas",2,19,50,NA
621,15-01-10,Kerala,Kollam,"KSPCB, District Office, Kadappakada, Kollam",Kerala State Pollution Control Board,"Residential, Rural and other Areas",2,6,50,NA
621,18-01-10,Kerala,Kollam,"KSPCB, District Office, Kadappakada, Kollam",Kerala State Pollution Control Board,"Residential, Rural and other Areas",3,25,88,NA
621,21-01-10,Kerala,Kollam,"KSPCB, District Office, Kadappakada, Kollam",Kerala State Pollution Control Board,"Residential, Rural and other Areas",2,18,88,NA
621,24-01-10,Kerala,Kollam,"KSPCB, District Office, Kadappakada, Kollam",Kerala State Pollution Control Board,"Residential, Rural and other Areas",2,7,58,NA
621,27-01-10,Kerala,Kollam,"KSPCB, District Office, Kadappakada, Kollam",Kerala State Pollution Control Board,"Residential, Rural and other Areas",2,18,82,NA
621,29-01-10,Kerala,Kollam,"KSPCB, District Office, Kadappakada, Kollam",Kerala State Pollution Control Board,"Residential, Rural and other Areas",2,23,116,NA
621,2/2/2010,Kerala,Kollam,"KSPCB, District Office, Kadappakada, Kollam",Kerala State Pollution Control Board,"Residential, Rural and other Areas",2,23,133,NA
621,2/4/2010,Kerala,Kollam,"KSPCB, District Office, Kadappakada, Kollam",Kerala State Pollution Control Board,"Residential, Rural and other Areas",2,23,82,NA
621,2/8/2010,Kerala,Kollam,"KSPCB, District Office, Kadappakada, Kollam",Kerala State Pollution Control Board,"Residential, Rural and other Areas",2,15,35,NA
621,2/9/2010,Kerala,Kollam,"KSPCB, District Office, Kadappakada, Kollam",Kerala State Pollution Control Board,"Residential, Rural and other Areas",2,16,90,NA
621,2/10/2010,Kerala,Kollam,"KSPCB, District Office, Kadappakada, Kollam",Kerala State Pollution Control Board,"Residential, Rural and other Areas",2,35,95,NA
621,16-02-10,Kerala,Kollam,"KSPCB, District Office, Kadappakada, Kollam",Kerala State Pollution Control Board,"Residential, Rural and other Areas",2,23,40,NA
621,19-02-10,Kerala,Kollam,"KSPCB, District Office, Kadappakada, Kollam",Kerala State Pollution Control Board,"Residential, Rural and other Areas",2,44,90,NA
621,22-02-10,Kerala,Kollam,"KSPCB, District Office, Kadappakada, Kollam",Kerala State Pollution Control Board,"Residential, Rural and other Areas",2,23,75,NA
621,23-02-10,Kerala,Kollam,"KSPCB, District Office, Kadappakada, Kollam",Kerala State Pollution Control Board,"Residential, Rural and other Areas",2,27,69,NA
621,25-02-10,Kerala,Kollam,"KSPCB, District Office, Kadappakada, Kollam",Kerala State Pollution Control Board,"Residential, Rural and other Areas",2,13,98,NA
621,27-02-10,Kerala,Kollam,"KSPCB, District Office, Kadappakada, Kollam",Kerala State Pollution Control Board,"Residential, Rural and other Areas",2,16,93,NA
621,3/8/2010,Kerala,Kollam,"KSPCB, District Office, Kadappakada, Kollam",Kerala State Pollution Control Board,"Residential, Rural and other Areas",2,21,43,NA
621,3/10/2010,Kerala,Kollam,"KSPCB, District Office, Kadappakada, Kollam",Kerala State Pollution Control Board,"Residential, Rural and other Areas",2,17,81,NA
621,3/12/2010,Kerala,Kollam,"KSPCB, District Office, Kadappakada, Kollam",Kerala State Pollution Control Board,"Residential, Rural and other Areas",2,16,79,NA
621,16-03-10,Kerala,Kollam,"KSPCB, District Office, Kadappakada, Kollam",Kerala State Pollution Control Board,"Residential, Rural and other Areas",2,16,55,NA
621,17-03-10,Kerala,Kollam,"KSPCB, District Office, Kadappakada, Kollam",Kerala State Pollution Control Board,"Residential, Rural and other Areas",2,20,44,NA
621,18-03-10,Kerala,Kollam,"KSPCB, District Office, Kadappakada, Kollam",Kerala State Pollution Control Board,"Residential, Rural and other Areas",2,36,68,NA
621,22-03-10,Kerala,Kollam,"KSPCB, District Office, Kadappakada, Kollam",Kerala State Pollution Control Board,"Residential, Rural and other Areas",2,12,83,NA
621,23-03-10,Kerala,Kollam,"KSPCB, District Office, Kadappakada, Kollam",Kerala State Pollution Control Board,"Residential, Rural and other Areas",2,15,77,NA
621,25-03-10,Kerala,Kollam,"KSPCB, District Office, Kadappakada, Kollam",Kerala State Pollution Control Board,"Residential, Rural and other Areas",2,23,86,NA
621,29-03-10,Kerala,Kollam,"KSPCB, District Office, Kadappakada, Kollam",Kerala State Pollution Control Board,"Residential, Rural and other Areas",2,22,72,NA
621,4/5/2010,Kerala,Kollam,"KSPCB, District Office, Kadappakada, Kollam",Kerala State Pollution Control Board,"Residential, Rural and other Areas",3,18,53,NA
621,4/7/2010,Kerala,Kollam,"KSPCB, District Office, Kadappakada, Kollam",Kerala State Pollution Control Board,"Residential, Rural and other Areas",2,15,77,NA
621,16-04-10,Kerala,Kollam,"KSPCB, District Office, Kadappakada, Kollam",Kerala State Pollution Control Board,"Residential, Rural and other Areas",2,14,64,NA
621,18-04-10,Kerala,Kollam,"KSPCB, District Office, Kadappakada, Kollam",Kerala State Pollution Control Board,"Residential, Rural and other Areas",2,18,102,NA
621,19-04-10,Kerala,Kollam,"KSPCB, District Office, Kadappakada, Kollam",Kerala State Pollution Control Board,"Residential, Rural and other Areas",2,17,71,NA
621,21-04-10,Kerala,Kollam,"KSPCB, District Office, Kadappakada, Kollam",Kerala State Pollution Control Board,"Residential, Rural and other Areas",2,21,69,NA
621,23-04-10,Kerala,Kollam,"KSPCB, District Office, Kadappakada, Kollam",Kerala State Pollution Control Board,"Residential, Rural and other Areas",2,22,58,NA
621,26-04-10,Kerala,Kollam,"KSPCB, District Office, Kadappakada, Kollam",Kerala State Pollution Control Board,"Residential, Rural and other Areas",2,10,44,NA
621,27-04-10,Kerala,Kollam,"KSPCB, District Office, Kadappakada, Kollam",Kerala State Pollution Control Board,"Residential, Rural and other Areas",2,7,30,NA
621,29-04-10,Kerala,Kollam,"KSPCB, District Office, Kadappakada, Kollam",Kerala State Pollution Control Board,"Residential, Rural and other Areas",2,6,29,NA
621,5/5/2010,Kerala,Kollam,"KSPCB, District Office, Kadappakada, Kollam",Kerala State Pollution Control Board,"Residential, Rural and other Areas",2,16,69,NA
621,5/7/2010,Kerala,Kollam,"KSPCB, District Office, Kadappakada, Kollam",Kerala State Pollution Control Board,"Residential, Rural and other Areas",2,18,79,NA
621,5/12/2010,Kerala,Kollam,"KSPCB, District Office, Kadappakada, Kollam",Kerala State Pollution Control Board,"Residential, Rural and other Areas",2,8,64,NA
621,14-05-10,Kerala,Kollam,"KSPCB, District Office, Kadappakada, Kollam",Kerala State Pollution Control Board,"Residential, Rural and other Areas",2,18,82,NA
621,17-05-10,Kerala,Kollam,"KSPCB, District Office, Kadappakada, Kollam",Kerala State Pollution Control Board,"Residential, Rural and other Areas",2,22,51,NA
621,19-05-10,Kerala,Kollam,"KSPCB, District Office, Kadappakada, Kollam",Kerala State Pollution Control Board,"Residential, Rural and other Areas",2,31,47,NA
621,20-05-10,Kerala,Kollam,"KSPCB, District Office, Kadappakada, Kollam",Kerala State Pollution Control Board,"Residential, Rural and other Areas",2,15,79,NA
621,22-05-10,Kerala,Kollam,"KSPCB, District Office, Kadappakada, Kollam",Kerala State Pollution Control Board,"Residential, Rural and other Areas",2,23,62,NA
621,24-05-10,Kerala,Kollam,"KSPCB, District Office, Kadappakada, Kollam",Kerala State Pollution Control Board,"Residential, Rural and other Areas",2,28,29,NA
621,26-05-10,Kerala,Kollam,"KSPCB, District Office, Kadappakada, Kollam",Kerala State Pollution Control Board,"Residential, Rural and other Areas",2,17,51,NA
621,6/3/2010,Kerala,Kollam,"KSPCB, District Office, Kadappakada, Kollam",Kerala State Pollution Control Board,"Residential, Rural and other Areas",2,15,29,NA
621,6/11/2010,Kerala,Kollam,"KSPCB, District Office, Kadappakada, Kollam",Kerala State Pollution Control Board,"Residential, Rural and other Areas",2,22,28,NA
621,15-06-10,Kerala,Kollam,"KSPCB, District Office, Kadappakada, Kollam",Kerala State Pollution Control Board,"Residential, Rural and other Areas",2,26,27,NA
621,16-06-10,Kerala,Kollam,"KSPCB, District Office, Kadappakada, Kollam",Kerala State Pollution Control Board,"Residential, Rural and other Areas",3,14,65,NA
621,18-06-10,Kerala,Kollam,"KSPCB, District Office, Kadappakada, Kollam",Kerala State Pollution Control Board,"Residential, Rural and other Areas",2,16,32,NA
621,21-06-10,Kerala,Kollam,"KSPCB, District Office, Kadappakada, Kollam",Kerala State Pollution Control Board,"Residential, Rural and other Areas",2,23,36,NA
621,23-06-10,Kerala,Kollam,"KSPCB, District Office, Kadappakada, Kollam",Kerala State Pollution Control Board,"Residential, Rural and other Areas",2,14,35,NA
621,25-06-10,Kerala,Kollam,"KSPCB, District Office, Kadappakada, Kollam",Kerala State Pollution Control Board,"Residential, Rural and other Areas",2,14,46,NA
621,28-06-10,Kerala,Kollam,"KSPCB, District Office, Kadappakada, Kollam",Kerala State Pollution Control Board,"Residential, Rural and other Areas",2,17,36,NA
621,29-06-10,Kerala,Kollam,"KSPCB, District Office, Kadappakada, Kollam",Kerala State Pollution Control Board,"Residential, Rural and other Areas",2,16,34,NA
621,7/12/2010,Kerala,Kollam,"KSPCB, District Office, Kadappakada, Kollam",Kerala State Pollution Control Board,"Residential, Rural and other Areas",2,11,45,NA
621,15-07-10,Kerala,Kollam,"KSPCB, District Office, Kadappakada, Kollam",Kerala State Pollution Control Board,"Residential, Rural and other Areas",2,11,46,NA
621,16-07-10,Kerala,Kollam,"KSPCB, District Office, Kadappakada, Kollam",Kerala State Pollution Control Board,"Residential, Rural and other Areas",2,11,36,NA
621,19-07-10,Kerala,Kollam,"KSPCB, District Office, Kadappakada, Kollam",Kerala State Pollution Control Board,"Residential, Rural and other Areas",2,11,28,NA
621,21-07-10,Kerala,Kollam,"KSPCB, District Office, Kadappakada, Kollam",Kerala State Pollution Control Board,"Residential, Rural and other Areas",2,7,33,NA
621,23-07-10,Kerala,Kollam,"KSPCB, District Office, Kadappakada, Kollam",Kerala State Pollution Control Board,"Residential, Rural and other Areas",2,19,54,NA
621,26-07-10,Kerala,Kollam,"KSPCB, District Office, Kadappakada, Kollam",Kerala State Pollution Control Board,"Residential, Rural and other Areas",2,17,46,NA
621,28-07-10,Kerala,Kollam,"KSPCB, District Office, Kadappakada, Kollam",Kerala State Pollution Control Board,"Residential, Rural and other Areas",2,23,50,NA
621,30-07-10,Kerala,Kollam,"KSPCB, District Office, Kadappakada, Kollam",Kerala State Pollution Control Board,"Residential, Rural and other Areas",2,12,34,NA
621,8/3/2010,Kerala,Kollam,"KSPCB, District Office, Kadappakada, Kollam",Kerala State Pollution Control Board,"Residential, Rural and other Areas",2,10,27,NA
621,8/5/2010,Kerala,Kollam,"KSPCB, District Office, Kadappakada, Kollam",Kerala State Pollution Control Board,"Residential, Rural and other Areas",2,15,33,NA
621,8/7/2010,Kerala,Kollam,"KSPCB, District Office, Kadappakada, Kollam",Kerala State Pollution Control Board,"Residential, Rural and other Areas",2,7,53,NA
621,8/10/2010,Kerala,Kollam,"KSPCB, District Office, Kadappakada, Kollam",Kerala State Pollution Control Board,"Residential, Rural and other Areas",2,10,35,NA
621,13-08-10,Kerala,Kollam,"KSPCB, District Office, Kadappakada, Kollam",Kerala State Pollution Control Board,"Residential, Rural and other Areas",2,9,34,NA
621,16-08-10,Kerala,Kollam,"KSPCB, District Office, Kadappakada, Kollam",Kerala State Pollution Control Board,"Residential, Rural and other Areas",2,9,49,NA
621,17-08-10,Kerala,Kollam,"KSPCB, District Office, Kadappakada, Kollam",Kerala State Pollution Control Board,"Residential, Rural and other Areas",2,7,33,NA
621,19-08-10,Kerala,Kollam,"KSPCB, District Office, Kadappakada, Kollam",Kerala State Pollution Control Board,"Residential, Rural and other Areas",2,8,43,NA
621,20-08-10,Kerala,Kollam,"KSPCB, District Office, Kadappakada, Kollam",Kerala State Pollution Control Board,"Residential, Rural and other Areas",3,7,38,NA
621,26-08-10,Kerala,Kollam,"KSPCB, District Office, Kadappakada, Kollam",Kerala State Pollution Control Board,"Residential, Rural and other Areas",2,8,42,NA
621,9/4/2010,Kerala,Kollam,"KSPCB, District Office, Kadappakada, Kollam",Kerala State Pollution Control Board,"Residential, Rural and other Areas",2,12,23,NA
621,9/8/2010,Kerala,Kollam,"KSPCB, District Office, Kadappakada, Kollam",Kerala State Pollution Control Board,"Residential, Rural and other Areas",2,12,44,NA
621,13-09-10,Kerala,Kollam,"KSPCB, District Office, Kadappakada, Kollam",Kerala State Pollution Control Board,"Residential, Rural and other Areas",2,23,40,NA
621,15-09-10,Kerala,Kollam,"KSPCB, District Office, Kadappakada, Kollam",Kerala State Pollution Control Board,"Residential, Rural and other Areas",2,14,31,NA
621,17-09-10,Kerala,Kollam,"KSPCB, District Office, Kadappakada, Kollam",Kerala State Pollution Control Board,"Residential, Rural and other Areas",2,16,40,NA
621,20-09-10,Kerala,Kollam,"KSPCB, District Office, Kadappakada, Kollam",Kerala State Pollution Control Board,"Residential, Rural and other Areas",2,20,22,NA
621,24-09-10,Kerala,Kollam,"KSPCB, District Office, Kadappakada, Kollam",Kerala State Pollution Control Board,"Residential, Rural and other Areas",2,17,54,NA
621,27-09-10,Kerala,Kollam,"KSPCB, District Office, Kadappakada, Kollam",Kerala State Pollution Control Board,"Residential, Rural and other Areas",2,19,41,NA
621,29-09-10,Kerala,Kollam,"KSPCB, District Office, Kadappakada, Kollam",Kerala State Pollution Control Board,"Residential, Rural and other Areas",2,16,37,NA
621,30-09-10,Kerala,Kollam,"KSPCB, District Office, Kadappakada, Kollam",Kerala State Pollution Control Board,"Residential, Rural and other Areas",2,14,25,NA
621,10/6/2010,Kerala,Kollam,"KSPCB, District Office, Kadappakada, Kollam",Kerala State Pollution Control Board,"Residential, Rural and other Areas",2,34,49,NA
621,10/8/2010,Kerala,Kollam,"KSPCB, District Office, Kadappakada, Kollam",Kerala State Pollution Control Board,"Residential, Rural and other Areas",2,27,36,NA
621,10/11/2010,Kerala,Kollam,"KSPCB, District Office, Kadappakada, Kollam",Kerala State Pollution Control Board,"Residential, Rural and other Areas",2,30,53,NA
621,13-10-10,Kerala,Kollam,"KSPCB, District Office, Kadappakada, Kollam",Kerala State Pollution Control Board,"Residential, Rural and other Areas",2,37,74,NA
621,15-10-10,Kerala,Kollam,"KSPCB, District Office, Kadappakada, Kollam",Kerala State Pollution Control Board,"Residential, Rural and other Areas",2,30,50,NA
621,18-10-10,Kerala,Kollam,"KSPCB, District Office, Kadappakada, Kollam",Kerala State Pollution Control Board,"Residential, Rural and other Areas",3,22,50,NA
621,20-10-10,Kerala,Kollam,"KSPCB, District Office, Kadappakada, Kollam",Kerala State Pollution Control Board,"Residential, Rural and other Areas",2,24,30,NA
621,22-10-10,Kerala,Kollam,"KSPCB, District Office, Kadappakada, Kollam",Kerala State Pollution Control Board,"Residential, Rural and other Areas",2,33,52,NA
621,25-10-10,Kerala,Kollam,"KSPCB, District Office, Kadappakada, Kollam",Kerala State Pollution Control Board,"Residential, Rural and other Areas",2,25,40,NA
621,27-10-10,Kerala,Kollam,"KSPCB, District Office, Kadappakada, Kollam",Kerala State Pollution Control Board,"Residential, Rural and other Areas",2,25,61,NA
621,11/6/2010,Kerala,Kollam,"KSPCB, District Office, Kadappakada, Kollam",Kerala State Pollution Control Board,"Residential, Rural and other Areas",2,29,68,NA
621,11/8/2010,Kerala,Kollam,"KSPCB, District Office, Kadappakada, Kollam",Kerala State Pollution Control Board,"Residential, Rural and other Areas",2,28,56,NA
621,11/10/2010,Kerala,Kollam,"KSPCB, District Office, Kadappakada, Kollam",Kerala State Pollution Control Board,"Residential, Rural and other Areas",2,24,64,NA
621,11/12/2010,Kerala,Kollam,"KSPCB, District Office, Kadappakada, Kollam",Kerala State Pollution Control Board,"Residential, Rural and other Areas",2,26,62,NA
621,19-11-10,Kerala,Kollam,"KSPCB, District Office, Kadappakada, Kollam",Kerala State Pollution Control Board,"Residential, Rural and other Areas",2,23,77,NA
621,20-11-10,Kerala,Kollam,"KSPCB, District Office, Kadappakada, Kollam",Kerala State Pollution Control Board,"Residential, Rural and other Areas",3,28,56,NA
621,23-11-10,Kerala,Kollam,"KSPCB, District Office, Kadappakada, Kollam",Kerala State Pollution Control Board,"Residential, Rural and other Areas",2,24,47,NA
621,25-11-10,Kerala,Kollam,"KSPCB, District Office, Kadappakada, Kollam",Kerala State Pollution Control Board,"Residential, Rural and other Areas",2,29,106,NA
621,27-11-10,Kerala,Kollam,"KSPCB, District Office, Kadappakada, Kollam",Kerala State Pollution Control Board,"Residential, Rural and other Areas",2,24,50,NA
621,29-11-10,Kerala,Kollam,"KSPCB, District Office, Kadappakada, Kollam",Kerala State Pollution Control Board,"Residential, Rural and other Areas",2,23,61,NA
621,12/3/2010,Kerala,Kollam,"KSPCB, District Office, Kadappakada, Kollam",Kerala State Pollution Control Board,"Residential, Rural and other Areas",2,31,65,NA
621,12/6/2010,Kerala,Kollam,"KSPCB, District Office, Kadappakada, Kollam",Kerala State Pollution Control Board,"Residential, Rural and other Areas",2,21,51,NA
621,12/8/2010,Kerala,Kollam,"KSPCB, District Office, Kadappakada, Kollam",Kerala State Pollution Control Board,"Residential, Rural and other Areas",2,30,80,NA
621,12/10/2010,Kerala,Kollam,"KSPCB, District Office, Kadappakada, Kollam",Kerala State Pollution Control Board,"Residential, Rural and other Areas",2,30,59,NA
621,21-12-10,Kerala,Kollam,"KSPCB, District Office, Kadappakada, Kollam",Kerala State Pollution Control Board,"Residential, Rural and other Areas",2,25,65,NA
621,24-12-10,Kerala,Kollam,"KSPCB, District Office, Kadappakada, Kollam",Kerala State Pollution Control Board,"Residential, Rural and other Areas",2,31,98,NA
621,28-12-10,Kerala,Kollam,"KSPCB, District Office, Kadappakada, Kollam",Kerala State Pollution Control Board,"Residential, Rural and other Areas",2,36,41,NA
620,1/4/2010,Kerala,Kollam,"KMML Chavara, Kollam",Kerala State Pollution Control Board,Industrial Area,4,12,45,NA
620,1/6/2010,Kerala,Kollam,"KMML Chavara, Kollam",Kerala State Pollution Control Board,Industrial Area,2,12,46,NA
620,1/11/2010,Kerala,Kollam,"KMML Chavara, Kollam",Kerala State Pollution Control Board,Industrial Area,3,16,29,NA
620,13-01-10,Kerala,Kollam,"KMML Chavara, Kollam",Kerala State Pollution Control Board,Industrial Area,3,26,57,NA
620,15-01-10,Kerala,Kollam,"KMML Chavara, Kollam",Kerala State Pollution Control Board,Industrial Area,8,15,71,NA
620,18-01-10,Kerala,Kollam,"KMML Chavara, Kollam",Kerala State Pollution Control Board,Industrial Area,2,13,50,NA
620,21-01-10,Kerala,Kollam,"KMML Chavara, Kollam",Kerala State Pollution Control Board,Industrial Area,6,9,38,NA
620,24-01-10,Kerala,Kollam,"KMML Chavara, Kollam",Kerala State Pollution Control Board,Industrial Area,6,7,66,NA
620,22-07-10,Kerala,Kollam,"KMML Chavara, Kollam",Kerala State Pollution Control Board,Industrial Area,8,17,61,NA
620,26-07-10,Kerala,Kollam,"KMML Chavara, Kollam",Kerala State Pollution Control Board,Industrial Area,4,11,26,NA
620,28-07-10,Kerala,Kollam,"KMML Chavara, Kollam",Kerala State Pollution Control Board,Industrial Area,4,15,68,NA
620,8/1/2010,Kerala,Kollam,"KMML Chavara, Kollam",Kerala State Pollution Control Board,Industrial Area,6,13,22,NA
620,8/3/2010,Kerala,Kollam,"KMML Chavara, Kollam",Kerala State Pollution Control Board,Industrial Area,2,16,26,NA
620,8/4/2010,Kerala,Kollam,"KMML Chavara, Kollam",Kerala State Pollution Control Board,Industrial Area,3,17,23,NA
620,8/7/2010,Kerala,Kollam,"KMML Chavara, Kollam",Kerala State Pollution Control Board,Industrial Area,3,11,23,NA
620,8/10/2010,Kerala,Kollam,"KMML Chavara, Kollam",Kerala State Pollution Control Board,Industrial Area,12,15,31,NA
620,15-08-10,Kerala,Kollam,"KMML Chavara, Kollam",Kerala State Pollution Control Board,Industrial Area,2,13,26,NA
620,24-08-10,Kerala,Kollam,"KMML Chavara, Kollam",Kerala State Pollution Control Board,Industrial Area,6,9,18,NA
620,26-08-10,Kerala,Kollam,"KMML Chavara, Kollam",Kerala State Pollution Control Board,Industrial Area,7,7,51,NA
620,9/6/2010,Kerala,Kollam,"KMML Chavara, Kollam",Kerala State Pollution Control Board,Industrial Area,2,13,23,NA
620,13-09-10,Kerala,Kollam,"KMML Chavara, Kollam",Kerala State Pollution Control Board,Industrial Area,2,5,24,NA
620,15-09-10,Kerala,Kollam,"KMML Chavara, Kollam",Kerala State Pollution Control Board,Industrial Area,2,5,35,NA
620,18-09-10,Kerala,Kollam,"KMML Chavara, Kollam",Kerala State Pollution Control Board,Industrial Area,2,7,28,NA
620,22-09-10,Kerala,Kollam,"KMML Chavara, Kollam",Kerala State Pollution Control Board,Industrial Area,3,5,34,NA
620,25-09-10,Kerala,Kollam,"KMML Chavara, Kollam",Kerala State Pollution Control Board,Industrial Area,3,5,20,NA
620,27-09-10,Kerala,Kollam,"KMML Chavara, Kollam",Kerala State Pollution Control Board,Industrial Area,2,6,47,NA
620,29-09-10,Kerala,Kollam,"KMML Chavara, Kollam",Kerala State Pollution Control Board,Industrial Area,2,5,34,NA
620,10/1/2010,Kerala,Kollam,"KMML Chavara, Kollam",Kerala State Pollution Control Board,Industrial Area,2,9,18,NA
620,10/6/2010,Kerala,Kollam,"KMML Chavara, Kollam",Kerala State Pollution Control Board,Industrial Area,2,5,19,NA
620,10/8/2010,Kerala,Kollam,"KMML Chavara, Kollam",Kerala State Pollution Control Board,Industrial Area,2,12,18,NA
620,10/11/2010,Kerala,Kollam,"KMML Chavara, Kollam",Kerala State Pollution Control Board,Industrial Area,2,5,21,NA
620,13-10-10,Kerala,Kollam,"KMML Chavara, Kollam",Kerala State Pollution Control Board,Industrial Area,2,5,19,NA
620,15-10-10,Kerala,Kollam,"KMML Chavara, Kollam",Kerala State Pollution Control Board,Industrial Area,2,5,22,NA
620,18-10-10,Kerala,Kollam,"KMML Chavara, Kollam",Kerala State Pollution Control Board,Industrial Area,2,8,22,NA
620,20-10-10,Kerala,Kollam,"KMML Chavara, Kollam",Kerala State Pollution Control Board,Industrial Area,2,13,18,NA
620,22-10-10,Kerala,Kollam,"KMML Chavara, Kollam",Kerala State Pollution Control Board,Industrial Area,2,13,22,NA
620,25-10-10,Kerala,Kollam,"KMML Chavara, Kollam",Kerala State Pollution Control Board,Industrial Area,2,7,19,NA
620,27-10-10,Kerala,Kollam,"KMML Chavara, Kollam",Kerala State Pollution Control Board,Industrial Area,2,9,20,NA
620,11/2/2010,Kerala,Kollam,"KMML Chavara, Kollam",Kerala State Pollution Control Board,Industrial Area,2,13,12,NA
620,11/6/2010,Kerala,Kollam,"KMML Chavara, Kollam",Kerala State Pollution Control Board,Industrial Area,2,9,15,NA
620,11/10/2010,Kerala,Kollam,"KMML Chavara, Kollam",Kerala State Pollution Control Board,Industrial Area,3,8,11,NA
620,13-11-10,Kerala,Kollam,"KMML Chavara, Kollam",Kerala State Pollution Control Board,Industrial Area,3,5,13,NA
620,16-11-10,Kerala,Kollam,"KMML Chavara, Kollam",Kerala State Pollution Control Board,Industrial Area,3,9,17,NA
620,21-11-10,Kerala,Kollam,"KMML Chavara, Kollam",Kerala State Pollution Control Board,Industrial Area,3,6,27,NA
620,24-11-10,Kerala,Kollam,"KMML Chavara, Kollam",Kerala State Pollution Control Board,Industrial Area,2,6,16,NA
620,26-11-10,Kerala,Kollam,"KMML Chavara, Kollam",Kerala State Pollution Control Board,Industrial Area,2,5,18,NA
620,12/7/2010,Kerala,Kollam,"KMML Chavara, Kollam",Kerala State Pollution Control Board,Industrial Area,2,20,91,NA
620,12/9/2010,Kerala,Kollam,"KMML Chavara, Kollam",Kerala State Pollution Control Board,Industrial Area,2,17,30,NA
620,12/11/2010,Kerala,Kollam,"KMML Chavara, Kollam",Kerala State Pollution Control Board,Industrial Area,2,14,42,NA
620,14-12-10,Kerala,Kollam,"KMML Chavara, Kollam",Kerala State Pollution Control Board,Industrial Area,2,21,55,NA
620,16-12-10,Kerala,Kollam,"KMML Chavara, Kollam",Kerala State Pollution Control Board,Industrial Area,2,12,23,NA
620,18-12-10,Kerala,Kollam,"KMML Chavara, Kollam",Kerala State Pollution Control Board,Industrial Area,2,15,71,NA
620,21-12-10,Kerala,Kollam,"KMML Chavara, Kollam",Kerala State Pollution Control Board,Industrial Area,2,16,72,NA
620,23-12-10,Kerala,Kollam,"KMML Chavara, Kollam",Kerala State Pollution Control Board,Industrial Area,2,16,46,NA
620,28-12-10,Kerala,Kollam,"KMML Chavara, Kollam",Kerala State Pollution Control Board,Industrial Area,2,17,117,NA
620,30-12-10,Kerala,Kollam,"KMML Chavara, Kollam",Kerala State Pollution Control Board,Industrial Area,3,11,55,NA
187,1/4/2010,Kerala,Kottayam,Kottayam,Kerala State Pollution Control Board,"Residential, Rural and other Areas",5.961666667,24.19,48.42,51.41
187,1/6/2010,Kerala,Kottayam,Kottayam,Kerala State Pollution Control Board,"Residential, Rural and other Areas",5.918333333,24.33666667,47.16,49.78666667
187,1/11/2010,Kerala,Kottayam,Kottayam,Kerala State Pollution Control Board,"Residential, Rural and other Areas",5.91,24.37166667,52.65,55.55333333
187,13-01-10,Kerala,Kottayam,Kottayam,Kerala State Pollution Control Board,"Residential, Rural and other Areas",5.926666667,24.30166667,50.22,52.98666667
187,18-01-10,Kerala,Kottayam,Kottayam,Kerala State Pollution Control Board,"Residential, Rural and other Areas",5.905,23.91,49.5,52.09333333
187,20-01-10,Kerala,Kottayam,Kottayam,Kerala State Pollution Control Board,"Residential, Rural and other Areas",5.888333333,24.30833333,52.11,54.68333333
187,25-01-10,Kerala,Kottayam,Kottayam,Kerala State Pollution Control Board,"Residential, Rural and other Areas",5.85,24.48,50.94,53.36666667
187,28-01-10,Kerala,Kottayam,Kottayam,Kerala State Pollution Control Board,"Residential, Rural and other Areas",5.958333333,23.53666667,49.33,52.23666667
187,2/1/2010,Kerala,Kottayam,Kottayam,Kerala State Pollution Control Board,"Residential, Rural and other Areas",6.056666667,24.335,50.13,52.78666667
187,2/3/2010,Kerala,Kottayam,Kottayam,Kerala State Pollution Control Board,"Residential, Rural and other Areas",5.866666667,23.945,48.8,51.32666667
187,2/8/2010,Kerala,Kottayam,Kottayam,Kerala State Pollution Control Board,"Residential, Rural and other Areas",5.788333333,23.65,52.83,55.52
187,2/10/2010,Kerala,Kottayam,Kottayam,Kerala State Pollution Control Board,"Residential, Rural and other Areas",6.001666667,24.59166667,50.49,53.07333333
187,15-02-10,Kerala,Kottayam,Kottayam,Kerala State Pollution Control Board,"Residential, Rural and other Areas",6.035,23.265,49.32,51.79
187,17-02-10,Kerala,Kottayam,Kottayam,Kerala State Pollution Control Board,"Residential, Rural and other Areas",6.231666667,24.26833333,52.56,55.21666667
187,22-02-10,Kerala,Kottayam,Kottayam,Kerala State Pollution Control Board,"Residential, Rural and other Areas",6.223333333,23.72333333,51.84,54.46333333
187,24-02-10,Kerala,Kottayam,Kottayam,Kerala State Pollution Control Board,"Residential, Rural and other Areas",5.991666667,22.98833333,49.68,52.28333333
187,3/3/2010,Kerala,Kottayam,Kottayam,Kerala State Pollution Control Board,"Residential, Rural and other Areas",6.251666667,24.47833333,49.77,52.27666667
187,3/8/2010,Kerala,Kottayam,Kottayam,Kerala State Pollution Control Board,"Residential, Rural and other Areas",6.226666667,23.795,48.42,51.03333333
187,3/10/2010,Kerala,Kottayam,Kottayam,Kerala State Pollution Control Board,"Residential, Rural and other Areas",6.085,23.94,54.18,56.87333333
187,15-03-10,Kerala,Kottayam,Kottayam,Kerala State Pollution Control Board,"Residential, Rural and other Areas",5.94,24.43166667,50.13,52.39
187,17-03-10,Kerala,Kottayam,Kottayam,Kerala State Pollution Control Board,"Residential, Rural and other Areas",6.011666667,24.19166667,50.76,53.33
187,22-03-10,Kerala,Kottayam,Kottayam,Kerala State Pollution Control Board,"Residential, Rural and other Areas",6.096666667,25.03666667,53.28,56.04
187,24-03-10,Kerala,Kottayam,Kottayam,Kerala State Pollution Control Board,"Residential, Rural and other Areas",5.96,24.01166667,51.75,54.23333333
187,29-03-10,Kerala,Kottayam,Kottayam,Kerala State Pollution Control Board,"Residential, Rural and other Areas",6.238333333,24.69333333,50.30333333,52.82666667
187,4/5/2010,Kerala,Kottayam,Kottayam,Kerala State Pollution Control Board,"Residential, Rural and other Areas",6.271666667,25.27333333,51.66,54.24
187,4/7/2010,Kerala,Kottayam,Kottayam,Kerala State Pollution Control Board,"Residential, Rural and other Areas",6.285,24.21333333,51.48,53.93666667
187,4/12/2010,Kerala,Kottayam,Kottayam,Kerala State Pollution Control Board,"Residential, Rural and other Areas",5.818333333,24.76666667,55.62,58.26666667
187,16-04-10,Kerala,Kottayam,Kottayam,Kerala State Pollution Control Board,"Residential, Rural and other Areas",6.08,23.97666667,50.85,53.27333333
187,19-04-10,Kerala,Kottayam,Kottayam,Kerala State Pollution Control Board,"Residential, Rural and other Areas",6.23,23.25333333,53.82,56.53666667
187,21-04-10,Kerala,Kottayam,Kottayam,Kerala State Pollution Control Board,"Residential, Rural and other Areas",6.293333333,24.26333333,54.99,57.60666667
187,26-04-10,Kerala,Kottayam,Kottayam,Kerala State Pollution Control Board,"Residential, Rural and other Areas",6.171666667,24.765,52.92,55.28666667
187,28-04-10,Kerala,Kottayam,Kottayam,Kerala State Pollution Control Board,"Residential, Rural and other Areas",6.025,23.99666667,52.38,54.86666667
187,5/10/2010,Kerala,Kottayam,Kottayam,Kerala State Pollution Control Board,"Residential, Rural and other Areas",6.241666667,24.12,50.67,53.55666667
187,5/12/2010,Kerala,Kottayam,Kottayam,Kerala State Pollution Control Board,"Residential, Rural and other Areas",5.911666667,23.84333333,50.49,53.19333333
187,14-05-10,Kerala,Kottayam,Kottayam,Kerala State Pollution Control Board,"Residential, Rural and other Areas",6.236666667,24.625,51.48,54.24666667
187,17-05-10,Kerala,Kottayam,Kottayam,Kerala State Pollution Control Board,"Residential, Rural and other Areas",6.451666667,24.01833333,52.56,55.62
187,19-05-10,Kerala,Kottayam,Kottayam,Kerala State Pollution Control Board,"Residential, Rural and other Areas",6.241666667,24.4,53.46,56.77666667
187,21-05-10,Kerala,Kottayam,Kottayam,Kerala State Pollution Control Board,"Residential, Rural and other Areas",6.221666667,24.3,53.28,55.97333333
187,24-05-10,Kerala,Kottayam,Kottayam,Kerala State Pollution Control Board,"Residential, Rural and other Areas",6.158333333,24.275,57.15,60.43333333
187,26-05-10,Kerala,Kottayam,Kottayam,Kerala State Pollution Control Board,"Residential, Rural and other Areas",6.04,23.45333333,54.36,57.25333333
187,6/2/2010,Kerala,Kottayam,Kottayam,Kerala State Pollution Control Board,"Residential, Rural and other Areas",5.853333333,22.57,48.51,51.09666667
187,6/7/2010,Kerala,Kottayam,Kottayam,Kerala State Pollution Control Board,"Residential, Rural and other Areas",6.04,24.07,51.48,54.27666667
187,6/9/2010,Kerala,Kottayam,Kottayam,Kerala State Pollution Control Board,"Residential, Rural and other Areas",5.948333333,23.72833333,55.98,58.96333333
187,14-06-10,Kerala,Kottayam,Kottayam,Kerala State Pollution Control Board,"Residential, Rural and other Areas",6.045,23.86833333,52.02,54.68666667
187,16-06-10,Kerala,Kottayam,Kottayam,Kerala State Pollution Control Board,"Residential, Rural and other Areas",5.936666667,23.75666667,53.64,56.05
187,21-06-10,Kerala,Kottayam,Kottayam,Kerala State Pollution Control Board,"Residential, Rural and other Areas",6.218333333,23.745,51.12,53.76333333
187,23-06-10,Kerala,Kottayam,Kottayam,Kerala State Pollution Control Board,"Residential, Rural and other Areas",5.995,24.88166667,54.81,57.57666667
187,28-06-10,Kerala,Kottayam,Kottayam,Kerala State Pollution Control Board,"Residential, Rural and other Areas",6.015,23.86666667,52.65666667,55.42333333
187,7/3/2010,Kerala,Kottayam,Kottayam,Kerala State Pollution Control Board,"Residential, Rural and other Areas",6.318333333,24.05,51.39,55.95333333
187,7/7/2010,Kerala,Kottayam,Kottayam,Kerala State Pollution Control Board,"Residential, Rural and other Areas",6.071666667,24.44333333,52.2,54.90666667
187,7/12/2010,Kerala,Kottayam,Kottayam,Kerala State Pollution Control Board,"Residential, Rural and other Areas",6.1,24.11666667,56.88,59.62666667
187,14-07-10,Kerala,Kottayam,Kottayam,Kerala State Pollution Control Board,"Residential, Rural and other Areas",6.155,24.26833333,54.54,57.29333333
187,19-07-10,Kerala,Kottayam,Kottayam,Kerala State Pollution Control Board,"Residential, Rural and other Areas",6.028333333,23.83666667,55.53,58.70666667
187,21-07-10,Kerala,Kottayam,Kottayam,Kerala State Pollution Control Board,"Residential, Rural and other Areas",6.358333333,24.17666667,53.31333333,56.48333333
187,26-07-10,Kerala,Kottayam,Kottayam,Kerala State Pollution Control Board,"Residential, Rural and other Areas",6.078333333,24.415,57.33,60.42333333
187,28-07-10,Kerala,Kottayam,Kottayam,Kerala State Pollution Control Board,"Residential, Rural and other Areas",6.021666667,23.87833333,55.98,58.76
187,8/2/2010,Kerala,Kottayam,Kottayam,Kerala State Pollution Control Board,"Residential, Rural and other Areas",6.048333333,24.15666667,54.72,57.45666667
187,8/4/2010,Kerala,Kottayam,Kottayam,Kerala State Pollution Control Board,"Residential, Rural and other Areas",6,23.97666667,54.9,57.68
187,8/6/2010,Kerala,Kottayam,Kottayam,Kerala State Pollution Control Board,"Residential, Rural and other Areas",6.143333333,23.89833333,57.42,60.3
187,8/10/2010,Kerala,Kottayam,Kottayam,Kerala State Pollution Control Board,"Residential, Rural and other Areas",6.111666667,23.25666667,54.99,57.76
187,8/12/2010,Kerala,Kottayam,Kottayam,Kerala State Pollution Control Board,"Residential, Rural and other Areas",6.306666667,24.29166667,55.44,58.26
187,16-08-10,Kerala,Kottayam,Kottayam,Kerala State Pollution Control Board,"Residential, Rural and other Areas",6.131666667,23.525,56.52,59.26666667
187,18-08-10,Kerala,Kottayam,Kottayam,Kerala State Pollution Control Board,"Residential, Rural and other Areas",6.086666667,23.40166667,56.61,59.60666667
187,26-08-10,Kerala,Kottayam,Kottayam,Kerala State Pollution Control Board,"Residential, Rural and other Areas",6.136666667,24.17833333,56.7,59.56
187,9/2/2010,Kerala,Kottayam,Kottayam,Kerala State Pollution Control Board,"Residential, Rural and other Areas",6.288333333,24.59333333,55.89,58.48
187,9/6/2010,Kerala,Kottayam,Kottayam,Kerala State Pollution Control Board,"Residential, Rural and other Areas",6.098333333,24.08166667,54.9,57.51666667
187,9/8/2010,Kerala,Kottayam,Kottayam,Kerala State Pollution Control Board,"Residential, Rural and other Areas",6.241666667,24.15833333,54.09,56.77
187,13-09-10,Kerala,Kottayam,Kottayam,Kerala State Pollution Control Board,"Residential, Rural and other Areas",6.015,23.855,57.78,60.52666667
187,15-09-10,Kerala,Kottayam,Kottayam,Kerala State Pollution Control Board,"Residential, Rural and other Areas",6.22,24.19666667,54.9,57.60666667
187,23-09-10,Kerala,Kottayam,Kottayam,Kerala State Pollution Control Board,"Residential, Rural and other Areas",6.146666667,23.935,57.24,60.20666667
187,27-09-10,Kerala,Kottayam,Kottayam,Kerala State Pollution Control Board,"Residential, Rural and other Areas",6.11,23.22333333,56.16,58.80666667
187,29-09-10,Kerala,Kottayam,Kottayam,Kerala State Pollution Control Board,"Residential, Rural and other Areas",6.243333333,23.95666667,56.97,59.57333333
187,10/4/2010,Kerala,Kottayam,Kottayam,Kerala State Pollution Control Board,"Residential, Rural and other Areas",5.916666667,22.89666667,55.08,57.44333333
187,10/6/2010,Kerala,Kottayam,Kottayam,Kerala State Pollution Control Board,"Residential, Rural and other Areas",6.193333333,25.16333333,54.63,57.21666667
187,10/11/2010,Kerala,Kottayam,Kottayam,Kerala State Pollution Control Board,"Residential, Rural and other Areas",6.095,24.435,59.76,62.61666667
187,13-10-10,Kerala,Kottayam,Kottayam,Kerala State Pollution Control Board,"Residential, Rural and other Areas",6.291666667,25.74166667,54.72,57.24666667
187,18-10-10,Kerala,Kottayam,Kottayam,Kerala State Pollution Control Board,"Residential, Rural and other Areas",6.265,24.07833333,56.99,59.59333333
187,20-10-10,Kerala,Kottayam,Kottayam,Kerala State Pollution Control Board,"Residential, Rural and other Areas",6.06,24.515,57.87,60.70666667
187,25-10-10,Kerala,Kottayam,Kottayam,Kerala State Pollution Control Board,"Residential, Rural and other Areas",6.025,24.10833333,54.9,57.38
187,27-10-10,Kerala,Kottayam,Kottayam,Kerala State Pollution Control Board,"Residential, Rural and other Areas",6.385,24.53833333,58.14,60.78
187,11/1/2010,Kerala,Kottayam,Kottayam,Kerala State Pollution Control Board,"Residential, Rural and other Areas",6.045,22.53666667,57.42333333,60.98
187,11/3/2010,Kerala,Kottayam,Kottayam,Kerala State Pollution Control Board,"Residential, Rural and other Areas",6.333333333,22.43166667,55.88666667,59.76666667
187,11/8/2010,Kerala,Kottayam,Kottayam,Kerala State Pollution Control Board,"Residential, Rural and other Areas",6.005,23.97666667,59.4,63.25666667
187,11/10/2010,Kerala,Kottayam,Kottayam,Kerala State Pollution Control Board,"Residential, Rural and other Areas",6.221666667,23.87,56.61,60.08666667
187,15-11-10,Kerala,Kottayam,Kottayam,Kerala State Pollution Control Board,"Residential, Rural and other Areas",6.158333333,23.225,57.24,61
187,18-11-10,Kerala,Kottayam,Kottayam,Kerala State Pollution Control Board,"Residential, Rural and other Areas",6.34,23.09666667,58.86666667,62.84333333
187,22-11-10,Kerala,Kottayam,Kottayam,Kerala State Pollution Control Board,"Residential, Rural and other Areas",6.121666667,23.37166667,55.45,58.85666667
187,24-11-10,Kerala,Kottayam,Kottayam,Kerala State Pollution Control Board,"Residential, Rural and other Areas",6.14,23.76,58.05,61.57333333
187,12/6/2010,Kerala,Kottayam,Kottayam,Kerala State Pollution Control Board,"Residential, Rural and other Areas",5.931666667,22.96666667,56.88,60.71666667
187,12/8/2010,Kerala,Kottayam,Kottayam,Kerala State Pollution Control Board,"Residential, Rural and other Areas",6.08,22.55833333,56.97,60.41666667
187,13-12-10,Kerala,Kottayam,Kottayam,Kerala State Pollution Control Board,"Residential, Rural and other Areas",5.93,22.21333333,57.69,60.91666667
187,15-12-10,Kerala,Kottayam,Kottayam,Kerala State Pollution Control Board,"Residential, Rural and other Areas",5.881666667,22.42666667,57.87,62.13333333
187,20-12-10,Kerala,Kottayam,Kottayam,Kerala State Pollution Control Board,"Residential, Rural and other Areas",5.97,22.50833333,56.08333333,59.96666667
187,22-12-10,Kerala,Kottayam,Kottayam,Kerala State Pollution Control Board,"Residential, Rural and other Areas",6,22.19333333,56.61,60.59333333
187,27-12-10,Kerala,Kottayam,Kottayam,Kerala State Pollution Control Board,"Residential, Rural and other Areas",5.791666667,22.06666667,55.8,59.87666667
187,29-12-10,Kerala,Kottayam,Kottayam,Kerala State Pollution Control Board,"Residential, Rural and other Areas",5.985,22.13333333,57.42,60.94
361,1/5/2010,Kerala,Kottayam,Vadavathoor,Kerala State Pollution Control Board,Industrial Area,4.65,14.90333333,35.1,36.96666667
361,1/7/2010,Kerala,Kottayam,Vadavathoor,Kerala State Pollution Control Board,Industrial Area,4.81,15.12,35.37,37.45
361,1/12/2010,Kerala,Kottayam,Vadavathoor,Kerala State Pollution Control Board,Industrial Area,4.648333333,14.36833333,35.19,37.02666667
361,14-01-10,Kerala,Kottayam,Vadavathoor,Kerala State Pollution Control Board,Industrial Area,4.835,14.995,34.11,35.91333333
361,19-01-10,Kerala,Kottayam,Vadavathoor,Kerala State Pollution Control Board,Industrial Area,4.853333333,14.45666667,33.48,35.28
361,21-01-10,Kerala,Kottayam,Vadavathoor,Kerala State Pollution Control Board,Industrial Area,4.686666667,14.16166667,33.12,34.89666667
361,27-01-10,Kerala,Kottayam,Vadavathoor,Kerala State Pollution Control Board,Industrial Area,4.593333333,15.17666667,33.12,34.95333333
361,30-01-10,Kerala,Kottayam,Vadavathoor,Kerala State Pollution Control Board,Industrial Area,4.605,14.725,32.76,34.53333333
361,2/2/2010,Kerala,Kottayam,Vadavathoor,Kerala State Pollution Control Board,Industrial Area,5.005,14.365,35.55,37.43333333
361,2/4/2010,Kerala,Kottayam,Vadavathoor,Kerala State Pollution Control Board,Industrial Area,4.743333333,15.05166667,34.38,36.53
361,2/9/2010,Kerala,Kottayam,Vadavathoor,Kerala State Pollution Control Board,Industrial Area,5.141666667,15.085,34.02,35.78666667
361,2/11/2010,Kerala,Kottayam,Vadavathoor,Kerala State Pollution Control Board,Industrial Area,4.67,13.72666667,34.56,36.19666667
361,16-02-10,Kerala,Kottayam,Vadavathoor,Kerala State Pollution Control Board,Industrial Area,5.156666667,13.43,35.19,37.08666667
361,18-02-10,Kerala,Kottayam,Vadavathoor,Kerala State Pollution Control Board,Industrial Area,4.931666667,14.25666667,33.93,35.73333333
361,23-02-10,Kerala,Kottayam,Vadavathoor,Kerala State Pollution Control Board,Industrial Area,5.008333333,15.12,34.47,36.13666667
361,25-02-10,Kerala,Kottayam,Vadavathoor,Kerala State Pollution Control Board,Industrial Area,5.185,14.43666667,34.83,36.60333333
361,3/4/2010,Kerala,Kottayam,Vadavathoor,Kerala State Pollution Control Board,Industrial Area,5.113333333,14.94166667,36,37.99333333
361,3/9/2010,Kerala,Kottayam,Vadavathoor,Kerala State Pollution Control Board,Industrial Area,4.773333333,14.875,35.91,37.74
361,3/11/2010,Kerala,Kottayam,Vadavathoor,Kerala State Pollution Control Board,Industrial Area,4.571666667,15.27,36.09,37.87
361,16-03-10,Kerala,Kottayam,Vadavathoor,Kerala State Pollution Control Board,Industrial Area,4.986666667,14.17166667,35.37,37.11333333
361,18-03-10,Kerala,Kottayam,Vadavathoor,Kerala State Pollution Control Board,Industrial Area,4.983333333,14.83166667,33.75,35.34333333
361,23-03-10,Kerala,Kottayam,Vadavathoor,Kerala State Pollution Control Board,Industrial Area,4.99,15.37,34.2,35.91
361,25-03-10,Kerala,Kottayam,Vadavathoor,Kerala State Pollution Control Board,Industrial Area,5.01,14.66333333,34.48333333,36.29333333
361,30-03-10,Kerala,Kottayam,Vadavathoor,Kerala State Pollution Control Board,Industrial Area,5.168333333,14.75833333,33.84,35.58333333
361,4/6/2010,Kerala,Kottayam,Vadavathoor,Kerala State Pollution Control Board,Industrial Area,5.241666667,14.70333333,36.72,38.47333333
361,4/8/2010,Kerala,Kottayam,Vadavathoor,Kerala State Pollution Control Board,Industrial Area,5.125,14.00666667,37.08,38.74
361,13-04-10,Kerala,Kottayam,Vadavathoor,Kerala State Pollution Control Board,Industrial Area,4.831666667,14.18333333,36.18,37.78666667
361,17-04-10,Kerala,Kottayam,Vadavathoor,Kerala State Pollution Control Board,Industrial Area,4.721666667,14.83166667,36.09,37.63333333
361,20-04-10,Kerala,Kottayam,Vadavathoor,Kerala State Pollution Control Board,Industrial Area,5.183333333,14.94666667,35.19,36.89
361,22-04-10,Kerala,Kottayam,Vadavathoor,Kerala State Pollution Control Board,Industrial Area,5.148333333,15.465,34.47,35.96666667
361,27-04-10,Kerala,Kottayam,Vadavathoor,Kerala State Pollution Control Board,Industrial Area,5.198333333,15.15166667,34.65666667,36.25
361,29-04-10,Kerala,Kottayam,Vadavathoor,Kerala State Pollution Control Board,Industrial Area,4.86,14.07833333,35.91,37.48666667
361,5/11/2010,Kerala,Kottayam,Vadavathoor,Kerala State Pollution Control Board,Industrial Area,5.205,13.17666667,37.44,39.54333333
361,13-05-10,Kerala,Kottayam,Vadavathoor,Kerala State Pollution Control Board,Industrial Area,4.881666667,14.945,37.98,39.95666667
361,15-05-10,Kerala,Kottayam,Vadavathoor,Kerala State Pollution Control Board,Industrial Area,5.076666667,14.75833333,38.863,41.13666667
361,18-05-10,Kerala,Kottayam,Vadavathoor,Kerala State Pollution Control Board,Industrial Area,4.886666667,15.27333333,40.59,42.77333333
361,20-05-10,Kerala,Kottayam,Vadavathoor,Kerala State Pollution Control Board,Industrial Area,5.241666667,14.32333333,38.13666667,40.08333333
361,22-05-10,Kerala,Kottayam,Vadavathoor,Kerala State Pollution Control Board,Industrial Area,4.991666667,14.87333333,38.79,40.73
361,25-05-10,Kerala,Kottayam,Vadavathoor,Kerala State Pollution Control Board,Industrial Area,5.133333333,14.485,38.16,40.22333333
361,27-05-10,Kerala,Kottayam,Vadavathoor,Kerala State Pollution Control Board,Industrial Area,5.045,14.25333333,37.17,39.09
361,6/3/2010,Kerala,Kottayam,Vadavathoor,Kerala State Pollution Control Board,Industrial Area,4.903333333,13.285,40.41,42.50333333
361,6/8/2010,Kerala,Kottayam,Vadavathoor,Kerala State Pollution Control Board,Industrial Area,5.033333333,14.26,40.14,42.32
361,6/10/2010,Kerala,Kottayam,Vadavathoor,Kerala State Pollution Control Board,Industrial Area,5.071666667,13.715,40.14,42.22333333
361,15-06-10,Kerala,Kottayam,Vadavathoor,Kerala State Pollution Control Board,Industrial Area,5.318333333,13.53333333,39.68,41.61333333
361,17-06-10,Kerala,Kottayam,Vadavathoor,Kerala State Pollution Control Board,Industrial Area,4.81,13.98666667,41.05666667,43.29666667
361,22-06-10,Kerala,Kottayam,Vadavathoor,Kerala State Pollution Control Board,Industrial Area,5.32,13.45833333,38.80333333,40.85666667
361,24-06-10,Kerala,Kottayam,Vadavathoor,Kerala State Pollution Control Board,Industrial Area,4.911666667,14.415,41.79,44.39333333
361,29-06-10,Kerala,Kottayam,Vadavathoor,Kerala State Pollution Control Board,Industrial Area,5.056666667,13.72333333,40.68,42.78666667
361,7/6/2010,Kerala,Kottayam,Vadavathoor,Kerala State Pollution Control Board,Industrial Area,5.273333333,15.26333333,42.12,45.75333333
361,7/8/2010,Kerala,Kottayam,Vadavathoor,Kerala State Pollution Control Board,Industrial Area,5.208333333,15.04666667,41.85,44.08333333
361,13-07-10,Kerala,Kottayam,Vadavathoor,Kerala State Pollution Control Board,Industrial Area,4.923333333,15.45,41.58,43.88333333
361,15-07-10,Kerala,Kottayam,Vadavathoor,Kerala State Pollution Control Board,Industrial Area,5.058333333,14.33833333,40.5,42.60333333
361,20-07-10,Kerala,Kottayam,Vadavathoor,Kerala State Pollution Control Board,Industrial Area,5.215,13.56666667,42.66,45.12
361,22-07-10,Kerala,Kottayam,Vadavathoor,Kerala State Pollution Control Board,Industrial Area,4.843333333,14.01166667,41.58666667,43.85
361,27-07-10,Kerala,Kottayam,Vadavathoor,Kerala State Pollution Control Board,Industrial Area,5.071666667,14.865,42.12,44.40666667
361,29-07-10,Kerala,Kottayam,Vadavathoor,Kerala State Pollution Control Board,Industrial Area,5.215,13.94333333,41.76,43.77
361,8/3/2010,Kerala,Kottayam,Vadavathoor,Kerala State Pollution Control Board,Industrial Area,5.133333333,13.71666667,44.73,46.85
361,8/5/2010,Kerala,Kottayam,Vadavathoor,Kerala State Pollution Control Board,Industrial Area,4.905,13.62,45,47.26
361,8/7/2010,Kerala,Kottayam,Vadavathoor,Kerala State Pollution Control Board,Industrial Area,4.873333333,15.01,45.63,47.68666667
361,8/11/2010,Kerala,Kottayam,Vadavathoor,Kerala State Pollution Control Board,Industrial Area,5.138333333,13.62166667,45.72,47.96
361,13-08-10,Kerala,Kottayam,Vadavathoor,Kerala State Pollution Control Board,Industrial Area,5.066666667,14.47166667,44.46,46.57333333
361,17-08-10,Kerala,Kottayam,Vadavathoor,Kerala State Pollution Control Board,Industrial Area,4.881666667,13.94666667,43.83,45.96333333
361,19-08-10,Kerala,Kottayam,Vadavathoor,Kerala State Pollution Control Board,Industrial Area,4.81,14.145,44.46,46.64666667
361,27-08-10,Kerala,Kottayam,Vadavathoor,Kerala State Pollution Control Board,Industrial Area,4.753333333,14.72166667,44.36666667,46.32666667
361,9/7/2010,Kerala,Kottayam,Vadavathoor,Kerala State Pollution Control Board,Industrial Area,4.845,14.90333333,44.64,46.69333333
361,9/9/2010,Kerala,Kottayam,Vadavathoor,Kerala State Pollution Control Board,Industrial Area,5.133333333,14.40166667,45.36,47.45
361,14-09-10,Kerala,Kottayam,Vadavathoor,Kerala State Pollution Control Board,Industrial Area,4.928333333,13.82833333,45.54,47.63666667
361,16-09-10,Kerala,Kottayam,Vadavathoor,Kerala State Pollution Control Board,Industrial Area,4.87,14.89,45.54,47.84333333
361,22-09-10,Kerala,Kottayam,Vadavathoor,Kerala State Pollution Control Board,Industrial Area,5.058333333,15.57333333,45.09,47.20333333
361,24-09-10,Kerala,Kottayam,Vadavathoor,Kerala State Pollution Control Board,Industrial Area,4.986666667,15.45833333,43.92,46.00666667
361,28-09-10,Kerala,Kottayam,Vadavathoor,Kerala State Pollution Control Board,Industrial Area,5.011666667,14.54,44.91,46.99333333
361,30-09-10,Kerala,Kottayam,Vadavathoor,Kerala State Pollution Control Board,Industrial Area,4.913333333,14.03,44.03,46.10666667
361,10/5/2010,Kerala,Kottayam,Vadavathoor,Kerala State Pollution Control Board,Industrial Area,5.223333333,13.71,47.43,49.61
361,10/7/2010,Kerala,Kottayam,Vadavathoor,Kerala State Pollution Control Board,Industrial Area,5.186666667,14.19,49.32,51.37
361,10/12/2010,Kerala,Kottayam,Vadavathoor,Kerala State Pollution Control Board,Industrial Area,5.166666667,14.565,47.25,49.18666667
361,14-10-10,Kerala,Kottayam,Vadavathoor,Kerala State Pollution Control Board,Industrial Area,4.981666667,13.03,43.83,45.86
361,19-10-10,Kerala,Kottayam,Vadavathoor,Kerala State Pollution Control Board,Industrial Area,5.051666667,15.37166667,45.68666667,47.74333333
361,21-10-10,Kerala,Kottayam,Vadavathoor,Kerala State Pollution Control Board,Industrial Area,4.901666667,15.30333333,45.81,47.83666667
361,26-10-10,Kerala,Kottayam,Vadavathoor,Kerala State Pollution Control Board,Industrial Area,5.313333333,13.93,46.08,48.16333333
361,28-10-10,Kerala,Kottayam,Vadavathoor,Kerala State Pollution Control Board,Industrial Area,5.141666667,13.75,44.46,46.48
361,11/2/2010,Kerala,Kottayam,Vadavathoor,Kerala State Pollution Control Board,Industrial Area,5.098333333,15.04333333,47.43,50.13333333
361,11/4/2010,Kerala,Kottayam,Vadavathoor,Kerala State Pollution Control Board,Industrial Area,4.475,15.07333333,49.68,52.71333333
361,11/9/2010,Kerala,Kottayam,Vadavathoor,Kerala State Pollution Control Board,Industrial Area,5.186666667,15.09,47.88,51.09333333
361,11/11/2010,Kerala,Kottayam,Vadavathoor,Kerala State Pollution Control Board,Industrial Area,4.435,14.255,47.34,50.11
361,16-11-10,Kerala,Kottayam,Vadavathoor,Kerala State Pollution Control Board,Industrial Area,4.53,14.19833333,48.87,52.32
361,19-11-10,Kerala,Kottayam,Vadavathoor,Kerala State Pollution Control Board,Industrial Area,5.176666667,14.49666667,48.41333333,51.69
361,23-11-10,Kerala,Kottayam,Vadavathoor,Kerala State Pollution Control Board,Industrial Area,4.461666667,13.97,48.6,51.63666667
361,25-11-10,Kerala,Kottayam,Vadavathoor,Kerala State Pollution Control Board,Industrial Area,4.753333333,14.395,48.96,51.78
361,12/7/2010,Kerala,Kottayam,Vadavathoor,Kerala State Pollution Control Board,Industrial Area,4.228333333,13.68,46.17,49.51333333
361,12/9/2010,Kerala,Kottayam,Vadavathoor,Kerala State Pollution Control Board,Industrial Area,4.296666667,14.22833333,48.6,51.66
361,14-12-10,Kerala,Kottayam,Vadavathoor,Kerala State Pollution Control Board,Industrial Area,5.09,14.17333333,47.16,50.31333333
361,17-12-10,Kerala,Kottayam,Vadavathoor,Kerala State Pollution Control Board,Industrial Area,4.89,14.07166667,46.35,49.18666667
361,21-12-10,Kerala,Kottayam,Vadavathoor,Kerala State Pollution Control Board,Industrial Area,4.64,14.96833333,46.99666667,49.91
361,23-12-10,Kerala,Kottayam,Vadavathoor,Kerala State Pollution Control Board,Industrial Area,4.336666667,13.03166667,47.53333333,50.34666667
361,28-12-10,Kerala,Kottayam,Vadavathoor,Kerala State Pollution Control Board,Industrial Area,4.94,13.17666667,47.35,50.54
361,30-12-10,Kerala,Kottayam,Vadavathoor,Kerala State Pollution Control Board,Industrial Area,4.321666667,12.99166667,47.07,50.27333333
360,1/1/2010,Kerala,Kozhikode,"Kozhikode City, Kozhikode",Kerala State Pollution Control Board,"Residential, Rural and other Areas",2,8.85,42.33333333,81.33333333
360,1/5/2010,Kerala,Kozhikode,"Kozhikode City, Kozhikode",Kerala State Pollution Control Board,"Residential, Rural and other Areas",2,13.41666667,44.66666667,84
360,1/7/2010,Kerala,Kozhikode,"Kozhikode City, Kozhikode",Kerala State Pollution Control Board,"Residential, Rural and other Areas",2,11.41666667,47.025,111.3333333
360,1/12/2010,Kerala,Kozhikode,"Kozhikode City, Kozhikode",Kerala State Pollution Control Board,"Residential, Rural and other Areas",2,9.816666667,38.575,72
360,14-01-10,Kerala,Kozhikode,"Kozhikode City, Kozhikode",Kerala State Pollution Control Board,"Residential, Rural and other Areas",2,9.433333333,31.65,72
360,19-01-10,Kerala,Kozhikode,"Kozhikode City, Kozhikode",Kerala State Pollution Control Board,"Residential, Rural and other Areas",2,10.28333333,49,69.66666667
360,21-01-10,Kerala,Kozhikode,"Kozhikode City, Kozhikode",Kerala State Pollution Control Board,"Residential, Rural and other Areas",2,11.68333333,52.33333333,108.6666667
360,27-01-10,Kerala,Kozhikode,"Kozhikode City, Kozhikode",Kerala State Pollution Control Board,"Residential, Rural and other Areas",2,8.666666667,47.33333333,93
360,29-01-10,Kerala,Kozhikode,"Kozhikode City, Kozhikode",Kerala State Pollution Control Board,"Residential, Rural and other Areas",2,13.38333333,45,106.3333333
360,2/3/2010,Kerala,Kozhikode,"Kozhikode City, Kozhikode",Kerala State Pollution Control Board,"Residential, Rural and other Areas",2,15.53333333,49,96.33333333
360,2/5/2010,Kerala,Kozhikode,"Kozhikode City, Kozhikode",Kerala State Pollution Control Board,"Residential, Rural and other Areas",2,12.65,51.33333333,103.3333333
360,2/8/2010,Kerala,Kozhikode,"Kozhikode City, Kozhikode",Kerala State Pollution Control Board,"Residential, Rural and other Areas",2,11.95,49.66666667,84.33333333
360,2/10/2010,Kerala,Kozhikode,"Kozhikode City, Kozhikode",Kerala State Pollution Control Board,"Residential, Rural and other Areas",2,12.51666667,48.33333333,95
360,15-02-10,Kerala,Kozhikode,"Kozhikode City, Kozhikode",Kerala State Pollution Control Board,"Residential, Rural and other Areas",2,14.45,50.33333333,87
360,17-02-10,Kerala,Kozhikode,"Kozhikode City, Kozhikode",Kerala State Pollution Control Board,"Residential, Rural and other Areas",2,9.816666667,42,88.66666667
360,19-02-10,Kerala,Kozhikode,"Kozhikode City, Kozhikode",Kerala State Pollution Control Board,"Residential, Rural and other Areas",2,14.11666667,37,86.33333333
360,22-02-10,Kerala,Kozhikode,"Kozhikode City, Kozhikode",Kerala State Pollution Control Board,"Residential, Rural and other Areas",2,13.58333333,29.66666667,58.33333333
360,24-02-10,Kerala,Kozhikode,"Kozhikode City, Kozhikode",Kerala State Pollution Control Board,"Residential, Rural and other Areas",2,12.51666667,44.33333333,96.33333333
360,3/3/2010,Kerala,Kozhikode,"Kozhikode City, Kozhikode",Kerala State Pollution Control Board,"Residential, Rural and other Areas",2,6.216666667,36,59.33333333
360,3/5/2010,Kerala,Kozhikode,"Kozhikode City, Kozhikode",Kerala State Pollution Control Board,"Residential, Rural and other Areas",2,12.88333333,47.33333333,99.33333333
360,3/9/2010,Kerala,Kozhikode,"Kozhikode City, Kozhikode",Kerala State Pollution Control Board,"Residential, Rural and other Areas",2,11.45,35.3,69.66666667
360,3/11/2010,Kerala,Kozhikode,"Kozhikode City, Kozhikode",Kerala State Pollution Control Board,"Residential, Rural and other Areas",2,11.38333333,43.33333333,81.66666667
360,16-03-10,Kerala,Kozhikode,"Kozhikode City, Kozhikode",Kerala State Pollution Control Board,"Residential, Rural and other Areas",2,10.1,46.66666667,69.33333333
360,18-03-10,Kerala,Kozhikode,"Kozhikode City, Kozhikode",Kerala State Pollution Control Board,"Residential, Rural and other Areas",2,9.816666667,45,80.66666667
360,23-03-10,Kerala,Kozhikode,"Kozhikode City, Kozhikode",Kerala State Pollution Control Board,"Residential, Rural and other Areas",2,6.683333333,45.66666667,67
360,25-03-10,Kerala,Kozhikode,"Kozhikode City, Kozhikode",Kerala State Pollution Control Board,"Residential, Rural and other Areas",2,12.25,47.675,75.66666667
360,30-03-10,Kerala,Kozhikode,"Kozhikode City, Kozhikode",Kerala State Pollution Control Board,"Residential, Rural and other Areas",2,8.516666667,34.66666667,95
360,4/5/2010,Kerala,Kozhikode,"Kozhikode City, Kozhikode",Kerala State Pollution Control Board,"Residential, Rural and other Areas",2,11.85714286,55.05,114.725
360,4/8/2010,Kerala,Kozhikode,"Kozhikode City, Kozhikode",Kerala State Pollution Control Board,"Residential, Rural and other Areas",2,11.24285714,46,99.1
360,4/12/2010,Kerala,Kozhikode,"Kozhikode City, Kozhikode",Kerala State Pollution Control Board,"Residential, Rural and other Areas",2,8.4,37.325,101.35
360,16-04-10,Kerala,Kozhikode,"Kozhikode City, Kozhikode",Kerala State Pollution Control Board,"Residential, Rural and other Areas",2,12.24285714,50.6,113.325
360,19-04-10,Kerala,Kozhikode,"Kozhikode City, Kozhikode",Kerala State Pollution Control Board,"Residential, Rural and other Areas",2,12.05714286,41.05,92.35
360,21-04-10,Kerala,Kozhikode,"Kozhikode City, Kozhikode",Kerala State Pollution Control Board,"Residential, Rural and other Areas",2,9.014285714,34,93.675
360,23-04-10,Kerala,Kozhikode,"Kozhikode City, Kozhikode",Kerala State Pollution Control Board,"Residential, Rural and other Areas",2,16.4,34.675,80.325
360,26-04-10,Kerala,Kozhikode,"Kozhikode City, Kozhikode",Kerala State Pollution Control Board,"Residential, Rural and other Areas",2,7.742857143,49.275,109.325
360,28-04-10,Kerala,Kozhikode,"Kozhikode City, Kozhikode",Kerala State Pollution Control Board,"Residential, Rural and other Areas",2,7.1,37.925,72.6
360,5/3/2010,Kerala,Kozhikode,"Kozhikode City, Kozhikode",Kerala State Pollution Control Board,"Residential, Rural and other Areas",2,9.966666667,34.66666667,58.33333333
360,5/6/2010,Kerala,Kozhikode,"Kozhikode City, Kozhikode",Kerala State Pollution Control Board,"Residential, Rural and other Areas",2,5.55,43.33333333,102.6666667
360,5/10/2010,Kerala,Kozhikode,"Kozhikode City, Kozhikode",Kerala State Pollution Control Board,"Residential, Rural and other Areas",2,11.68333333,31,69.33333333
360,5/12/2010,Kerala,Kozhikode,"Kozhikode City, Kozhikode",Kerala State Pollution Control Board,"Residential, Rural and other Areas",2,13.71666667,42.66666667,93.33333333
360,14-05-10,Kerala,Kozhikode,"Kozhikode City, Kozhikode",Kerala State Pollution Control Board,"Residential, Rural and other Areas",2,4.5,41.33333333,93.66666667
360,17-05-10,Kerala,Kozhikode,"Kozhikode City, Kozhikode",Kerala State Pollution Control Board,"Residential, Rural and other Areas",2,9.6,25.66666667,66.66666667
360,21-05-10,Kerala,Kozhikode,"Kozhikode City, Kozhikode",Kerala State Pollution Control Board,"Residential, Rural and other Areas",2,17.63333333,30.66666667,70.66666667
360,24-05-10,Kerala,Kozhikode,"Kozhikode City, Kozhikode",Kerala State Pollution Control Board,"Residential, Rural and other Areas",2,9.9,30.66666667,59
360,27-05-10,Kerala,Kozhikode,"Kozhikode City, Kozhikode",Kerala State Pollution Control Board,"Residential, Rural and other Areas",2,5.416666667,28.66666667,54.66666667
360,6/1/2010,Kerala,Kozhikode,"Kozhikode City, Kozhikode",Kerala State Pollution Control Board,"Residential, Rural and other Areas",2,7.55,35.66666667,67
360,6/4/2010,Kerala,Kozhikode,"Kozhikode City, Kozhikode",Kerala State Pollution Control Board,"Residential, Rural and other Areas",2,11.05,30.66666667,59.33333333
360,6/7/2010,Kerala,Kozhikode,"Kozhikode City, Kozhikode",Kerala State Pollution Control Board,"Residential, Rural and other Areas",2,8.516666667,30.66666667,73.66666667
360,6/10/2010,Kerala,Kozhikode,"Kozhikode City, Kozhikode",Kerala State Pollution Control Board,"Residential, Rural and other Areas",2,9.016666667,33.625,83
360,14-06-10,Kerala,Kozhikode,"Kozhikode City, Kozhikode",Kerala State Pollution Control Board,"Residential, Rural and other Areas",2,10.58333333,49.66666667,94
360,17-06-10,Kerala,Kozhikode,"Kozhikode City, Kozhikode",Kerala State Pollution Control Board,"Residential, Rural and other Areas",2,12.93333333,39.33333333,73
360,21-06-10,Kerala,Kozhikode,"Kozhikode City, Kozhikode",Kerala State Pollution Control Board,"Residential, Rural and other Areas",2,6.883333333,53.35,104.3333333
360,24-06-10,Kerala,Kozhikode,"Kozhikode City, Kozhikode",Kerala State Pollution Control Board,"Residential, Rural and other Areas",2,16.6,29,62
360,28-06-10,Kerala,Kozhikode,"Kozhikode City, Kozhikode",Kerala State Pollution Control Board,"Residential, Rural and other Areas",2,11.03333333,43.33333333,83.33333333
360,7/1/2010,Kerala,Kozhikode,"Kozhikode City, Kozhikode",Kerala State Pollution Control Board,"Residential, Rural and other Areas",2,13.45,53.66666667,86
360,7/5/2010,Kerala,Kozhikode,"Kozhikode City, Kozhikode",Kerala State Pollution Control Board,"Residential, Rural and other Areas",2,6.766666667,38,76.66666667
360,7/8/2010,Kerala,Kozhikode,"Kozhikode City, Kozhikode",Kerala State Pollution Control Board,"Residential, Rural and other Areas",2,11.7,30,81
360,7/12/2010,Kerala,Kozhikode,"Kozhikode City, Kozhikode",Kerala State Pollution Control Board,"Residential, Rural and other Areas",2,5.5,34.33333333,65
360,15-07-10,Kerala,Kozhikode,"Kozhikode City, Kozhikode",Kerala State Pollution Control Board,"Residential, Rural and other Areas",2,12.61666667,35.33333333,81.66666667
360,19-07-10,Kerala,Kozhikode,"Kozhikode City, Kozhikode",Kerala State Pollution Control Board,"Residential, Rural and other Areas",2,14.01666667,47,80.66666667
360,22-07-10,Kerala,Kozhikode,"Kozhikode City, Kozhikode",Kerala State Pollution Control Board,"Residential, Rural and other Areas",2,6.216666667,54.33333333,95
360,26-07-10,Kerala,Kozhikode,"Kozhikode City, Kozhikode",Kerala State Pollution Control Board,"Residential, Rural and other Areas",2,13.36666667,52,110.3333333
360,29-07-10,Kerala,Kozhikode,"Kozhikode City, Kozhikode",Kerala State Pollution Control Board,"Residential, Rural and other Areas",2,13.31666667,45,93.33333333
360,8/2/2010,Kerala,Kozhikode,"Kozhikode City, Kozhikode",Kerala State Pollution Control Board,"Residential, Rural and other Areas",2,6.083333333,40.66666667,72.66666667
360,8/6/2010,Kerala,Kozhikode,"Kozhikode City, Kozhikode",Kerala State Pollution Control Board,"Residential, Rural and other Areas",2,7.633333333,43.33333333,79
360,8/10/2010,Kerala,Kozhikode,"Kozhikode City, Kozhikode",Kerala State Pollution Control Board,"Residential, Rural and other Areas",2,8.733333333,33.66666667,76.33333333
360,8/12/2010,Kerala,Kozhikode,"Kozhikode City, Kozhikode",Kerala State Pollution Control Board,"Residential, Rural and other Areas",2,4.5,45.66666667,94.66666667
360,16-08-10,Kerala,Kozhikode,"Kozhikode City, Kozhikode",Kerala State Pollution Control Board,"Residential, Rural and other Areas",2,13.8,30.33333333,78.33333333
360,19-08-10,Kerala,Kozhikode,"Kozhikode City, Kozhikode",Kerala State Pollution Control Board,"Residential, Rural and other Areas",2,13.7,30.33333333,70.33333333
360,25-08-10,Kerala,Kozhikode,"Kozhikode City, Kozhikode",Kerala State Pollution Control Board,"Residential, Rural and other Areas",2,6.083333333,35.33333333,71.33333333
360,27-08-10,Kerala,Kozhikode,"Kozhikode City, Kozhikode",Kerala State Pollution Control Board,"Residential, Rural and other Areas",2,4.5,41.66666667,78.66666667
360,30-08-10,Kerala,Kozhikode,"Kozhikode City, Kozhikode",Kerala State Pollution Control Board,"Residential, Rural and other Areas",2,4.5,31,61.66666667
360,9/2/2010,Kerala,Kozhikode,"Kozhikode City, Kozhikode",Kerala State Pollution Control Board,"Residential, Rural and other Areas",2,4.5,43,88.33333333
360,9/6/2010,Kerala,Kozhikode,"Kozhikode City, Kozhikode",Kerala State Pollution Control Board,"Residential, Rural and other Areas",2,4.5,41,69.33333333
360,9/8/2010,Kerala,Kozhikode,"Kozhikode City, Kozhikode",Kerala State Pollution Control Board,"Residential, Rural and other Areas",2,7.383333333,31.33333333,69.33333333
360,13-09-10,Kerala,Kozhikode,"Kozhikode City, Kozhikode",Kerala State Pollution Control Board,"Residential, Rural and other Areas",2,4.5,35.66666667,74.33333333
360,16-09-10,Kerala,Kozhikode,"Kozhikode City, Kozhikode",Kerala State Pollution Control Board,"Residential, Rural and other Areas",2,4.5,36.66666667,92.33333333
360,22-09-10,Kerala,Kozhikode,"Kozhikode City, Kozhikode",Kerala State Pollution Control Board,"Residential, Rural and other Areas",2,4.5,38.66666667,69.66666667
360,24-09-10,Kerala,Kozhikode,"Kozhikode City, Kozhikode",Kerala State Pollution Control Board,"Residential, Rural and other Areas",2,14,39,77.66666667
360,27-09-10,Kerala,Kozhikode,"Kozhikode City, Kozhikode",Kerala State Pollution Control Board,"Residential, Rural and other Areas",2,11.88333333,44,75.33333333
360,29-09-10,Kerala,Kozhikode,"Kozhikode City, Kozhikode",Kerala State Pollution Control Board,"Residential, Rural and other Areas",2,9.216666667,30.66666667,61
360,10/4/2010,Kerala,Kozhikode,"Kozhikode City, Kozhikode",Kerala State Pollution Control Board,"Residential, Rural and other Areas",2,6.5,34,59.33333333
360,10/7/2010,Kerala,Kozhikode,"Kozhikode City, Kozhikode",Kerala State Pollution Control Board,"Residential, Rural and other Areas",2,10.375,26,67.33333333
360,10/11/2010,Kerala,Kozhikode,"Kozhikode City, Kozhikode",Kerala State Pollution Control Board,"Residential, Rural and other Areas",2,7.625,29,62
360,14-10-10,Kerala,Kozhikode,"Kozhikode City, Kozhikode",Kerala State Pollution Control Board,"Residential, Rural and other Areas",2,7.833333333,32,65
360,18-10-10,Kerala,Kozhikode,"Kozhikode City, Kozhikode",Kerala State Pollution Control Board,"Residential, Rural and other Areas",2,12,30,58.33333333
360,20-10-10,Kerala,Kozhikode,"Kozhikode City, Kozhikode",Kerala State Pollution Control Board,"Residential, Rural and other Areas",2,8.208333333,35.33333333,75
360,22-10-10,Kerala,Kozhikode,"Kozhikode City, Kozhikode",Kerala State Pollution Control Board,"Residential, Rural and other Areas",2,6.458333333,45,81
360,25-10-10,Kerala,Kozhikode,"Kozhikode City, Kozhikode",Kerala State Pollution Control Board,"Residential, Rural and other Areas",2,6.208333333,45.66666667,86.33333333
360,28-10-10,Kerala,Kozhikode,"Kozhikode City, Kozhikode",Kerala State Pollution Control Board,"Residential, Rural and other Areas",2,6.083333333,53,101.6666667
360,11/1/2010,Kerala,Kozhikode,"Kozhikode City, Kozhikode",Kerala State Pollution Control Board,"Residential, Rural and other Areas",2,8.633333333,36,69.66666667
360,11/3/2010,Kerala,Kozhikode,"Kozhikode City, Kozhikode",Kerala State Pollution Control Board,"Residential, Rural and other Areas",2,8.75,35.66666667,73.66666667
360,11/8/2010,Kerala,Kozhikode,"Kozhikode City, Kozhikode",Kerala State Pollution Control Board,"Residential, Rural and other Areas",2,10.68333333,38,71.33333333
360,11/11/2010,Kerala,Kozhikode,"Kozhikode City, Kozhikode",Kerala State Pollution Control Board,"Residential, Rural and other Areas",2,6.433333333,35.33333333,72.33333333
360,15-11-10,Kerala,Kozhikode,"Kozhikode City, Kozhikode",Kerala State Pollution Control Board,"Residential, Rural and other Areas",2,7.05,29,61.33333333
360,18-11-10,Kerala,Kozhikode,"Kozhikode City, Kozhikode",Kerala State Pollution Control Board,"Residential, Rural and other Areas",2,8.9,31,63.66666667
360,22-11-10,Kerala,Kozhikode,"Kozhikode City, Kozhikode",Kerala State Pollution Control Board,"Residential, Rural and other Areas",2,6.083333333,29.33333333,70.33333333
360,25-11-10,Kerala,Kozhikode,"Kozhikode City, Kozhikode",Kerala State Pollution Control Board,"Residential, Rural and other Areas",2,7.016666667,31.33333333,66.66666667
360,29-11-10,Kerala,Kozhikode,"Kozhikode City, Kozhikode",Kerala State Pollution Control Board,"Residential, Rural and other Areas",2,8.933333333,29.33333333,60.33333333
360,12/2/2010,Kerala,Kozhikode,"Kozhikode City, Kozhikode",Kerala State Pollution Control Board,"Residential, Rural and other Areas",2,10.81666667,25.66666667,62.33333333
360,12/6/2010,Kerala,Kozhikode,"Kozhikode City, Kozhikode",Kerala State Pollution Control Board,"Residential, Rural and other Areas",2,9.3,26.33333333,89
360,12/9/2010,Kerala,Kozhikode,"Kozhikode City, Kozhikode",Kerala State Pollution Control Board,"Residential, Rural and other Areas",2,11.91666667,38.33333333,102.0133333
360,13-12-10,Kerala,Kozhikode,"Kozhikode City, Kozhikode",Kerala State Pollution Control Board,"Residential, Rural and other Areas",2,6.125,28,65.33333333
360,17-12-10,Kerala,Kozhikode,"Kozhikode City, Kozhikode",Kerala State Pollution Control Board,"Residential, Rural and other Areas",2,17.9,36,62.66666667
360,20-12-10,Kerala,Kozhikode,"Kozhikode City, Kozhikode",Kerala State Pollution Control Board,"Residential, Rural and other Areas",2,8.533333333,28.33333333,61.33333333
360,23-12-10,Kerala,Kozhikode,"Kozhikode City, Kozhikode",Kerala State Pollution Control Board,"Residential, Rural and other Areas",2,8.516666667,29.66666667,62.66666667
360,27-12-10,Kerala,Kozhikode,"Kozhikode City, Kozhikode",Kerala State Pollution Control Board,"Residential, Rural and other Areas",2,6.833333333,31.33333333,66.66666667
360,29-12-10,Kerala,Kozhikode,"Kozhikode City, Kozhikode",Kerala State Pollution Control Board,"Residential, Rural and other Areas",2,20.38333333,28.33333333,106.3333333
359,1/1/2010,Kerala,Kozhikode,"Nallalam, Kozhikode",Kerala State Pollution Control Board,Industrial Area,2,13.55,30,70.66666667
359,1/5/2010,Kerala,Kozhikode,"Nallalam, Kozhikode",Kerala State Pollution Control Board,Industrial Area,2,11.51666667,39.33333333,94
359,1/7/2010,Kerala,Kozhikode,"Nallalam, Kozhikode",Kerala State Pollution Control Board,Industrial Area,2,10,42,87.66666667
359,1/12/2010,Kerala,Kozhikode,"Nallalam, Kozhikode",Kerala State Pollution Control Board,Industrial Area,2,12.3,27.66666667,59
359,14-01-10,Kerala,Kozhikode,"Nallalam, Kozhikode",Kerala State Pollution Control Board,Industrial Area,2,14.28333333,26,61
359,19-01-10,Kerala,Kozhikode,"Nallalam, Kozhikode",Kerala State Pollution Control Board,Industrial Area,2,7.75,30.66666667,53.66666667
359,21-01-10,Kerala,Kozhikode,"Nallalam, Kozhikode",Kerala State Pollution Control Board,Industrial Area,2,9.25,31.66666667,66
359,27-01-10,Kerala,Kozhikode,"Nallalam, Kozhikode",Kerala State Pollution Control Board,Industrial Area,2,10.15,33.33333333,55
359,29-01-10,Kerala,Kozhikode,"Nallalam, Kozhikode",Kerala State Pollution Control Board,Industrial Area,2,14.76666667,31.33333333,94.33333333
359,2/3/2010,Kerala,Kozhikode,"Nallalam, Kozhikode",Kerala State Pollution Control Board,Industrial Area,2,15.61666667,26,54
359,2/5/2010,Kerala,Kozhikode,"Nallalam, Kozhikode",Kerala State Pollution Control Board,Industrial Area,2,12.61666667,41,87
359,2/8/2010,Kerala,Kozhikode,"Nallalam, Kozhikode",Kerala State Pollution Control Board,Industrial Area,2,8.416666667,24.66666667,59.33333333
359,2/10/2010,Kerala,Kozhikode,"Nallalam, Kozhikode",Kerala State Pollution Control Board,Industrial Area,2,8.366666667,34.625,73
359,15-02-10,Kerala,Kozhikode,"Nallalam, Kozhikode",Kerala State Pollution Control Board,Industrial Area,2,13.83333333,34.66666667,62.66666667
359,17-02-10,Kerala,Kozhikode,"Nallalam, Kozhikode",Kerala State Pollution Control Board,Industrial Area,2,9.316666667,25.66666667,70.33333333
359,19-02-10,Kerala,Kozhikode,"Nallalam, Kozhikode",Kerala State Pollution Control Board,Industrial Area,2,12.65714286,29,73.33333333
359,22-02-10,Kerala,Kozhikode,"Nallalam, Kozhikode",Kerala State Pollution Control Board,Industrial Area,2,13.81666667,24.33333333,48.66666667
359,24-02-10,Kerala,Kozhikode,"Nallalam, Kozhikode",Kerala State Pollution Control Board,Industrial Area,2,13.53333333,25.33333333,81
359,3/3/2010,Kerala,Kozhikode,"Nallalam, Kozhikode",Kerala State Pollution Control Board,Industrial Area,2,11.5,35,63.33333333
359,3/5/2010,Kerala,Kozhikode,"Nallalam, Kozhikode",Kerala State Pollution Control Board,Industrial Area,2,7.033333333,23.33333333,75.66666667
359,3/9/2010,Kerala,Kozhikode,"Nallalam, Kozhikode",Kerala State Pollution Control Board,Industrial Area,2,5.433333333,29.33333333,55.33333333
359,3/11/2010,Kerala,Kozhikode,"Nallalam, Kozhikode",Kerala State Pollution Control Board,Industrial Area,2,7.9,34.66666667,72.66666667
359,16-03-10,Kerala,Kozhikode,"Nallalam, Kozhikode",Kerala State Pollution Control Board,Industrial Area,2,9.55,44,79.33333333
359,18-03-10,Kerala,Kozhikode,"Nallalam, Kozhikode",Kerala State Pollution Control Board,Industrial Area,2,11.53333333,48,94.33333333
359,23-03-10,Kerala,Kozhikode,"Nallalam, Kozhikode",Kerala State Pollution Control Board,Industrial Area,2,12.96666667,45.33333333,66
359,25-03-10,Kerala,Kozhikode,"Nallalam, Kozhikode",Kerala State Pollution Control Board,Industrial Area,2,9.766666667,45,101.3333333
359,30-03-10,Kerala,Kozhikode,"Nallalam, Kozhikode",Kerala State Pollution Control Board,Industrial Area,2,10,35.33333333,80
359,4/5/2010,Kerala,Kozhikode,"Nallalam, Kozhikode",Kerala State Pollution Control Board,Industrial Area,2,10.91428571,54.96525,96.00575
359,4/8/2010,Kerala,Kozhikode,"Nallalam, Kozhikode",Kerala State Pollution Control Board,Industrial Area,2,8.785714286,54.3,89.625
359,4/12/2010,Kerala,Kozhikode,"Nallalam, Kozhikode",Kerala State Pollution Control Board,Industrial Area,2,9.528571429,38.3,105.95
359,16-04-10,Kerala,Kozhikode,"Nallalam, Kozhikode",Kerala State Pollution Control Board,Industrial Area,2,10.91428571,46.725,98.275
359,19-04-10,Kerala,Kozhikode,"Nallalam, Kozhikode",Kerala State Pollution Control Board,Industrial Area,2,13.34285714,53.625,109.725
359,21-04-10,Kerala,Kozhikode,"Nallalam, Kozhikode",Kerala State Pollution Control Board,Industrial Area,2,8.785714286,42.05,96.375
359,23-04-10,Kerala,Kozhikode,"Nallalam, Kozhikode",Kerala State Pollution Control Board,Industrial Area,2,18.4,46.075,92.25
359,26-04-10,Kerala,Kozhikode,"Nallalam, Kozhikode",Kerala State Pollution Control Board,Industrial Area,2,6.042857143,32.7,68.675
359,28-04-10,Kerala,Kozhikode,"Nallalam, Kozhikode",Kerala State Pollution Control Board,Industrial Area,2,4.5,42.325,65.625
359,5/3/2010,Kerala,Kozhikode,"Nallalam, Kozhikode",Kerala State Pollution Control Board,Industrial Area,2,6.766666667,47.66666667,73.66666667
359,5/6/2010,Kerala,Kozhikode,"Nallalam, Kozhikode",Kerala State Pollution Control Board,Industrial Area,2,6.083333333,33.66666667,85.66666667
359,5/10/2010,Kerala,Kozhikode,"Nallalam, Kozhikode",Kerala State Pollution Control Board,Industrial Area,2,6.85,52.66666667,110
359,5/12/2010,Kerala,Kozhikode,"Nallalam, Kozhikode",Kerala State Pollution Control Board,Industrial Area,2,11.51666667,49.66666667,94.66666667
359,14-05-10,Kerala,Kozhikode,"Nallalam, Kozhikode",Kerala State Pollution Control Board,Industrial Area,2,8,39.33333333,103.6666667
359,17-05-10,Kerala,Kozhikode,"Nallalam, Kozhikode",Kerala State Pollution Control Board,Industrial Area,2,6.25,50.33333333,79.33333333
359,21-05-10,Kerala,Kozhikode,"Nallalam, Kozhikode",Kerala State Pollution Control Board,Industrial Area,2,13.7,40,79.33333333
359,24-05-10,Kerala,Kozhikode,"Nallalam, Kozhikode",Kerala State Pollution Control Board,Industrial Area,2,9.8,47.33333333,95.66666667
359,27-05-10,Kerala,Kozhikode,"Nallalam, Kozhikode",Kerala State Pollution Control Board,Industrial Area,2,6.133333333,42.66666667,87.66666667
359,6/1/2010,Kerala,Kozhikode,"Nallalam, Kozhikode",Kerala State Pollution Control Board,Industrial Area,2,5.416666667,46,94.66666667
359,6/4/2010,Kerala,Kozhikode,"Nallalam, Kozhikode",Kerala State Pollution Control Board,Industrial Area,2,5.25,45.33333333,83.33333333
359,6/7/2010,Kerala,Kozhikode,"Nallalam, Kozhikode",Kerala State Pollution Control Board,Industrial Area,2,4.5,53.66666667,92
359,6/10/2010,Kerala,Kozhikode,"Nallalam, Kozhikode",Kerala State Pollution Control Board,Industrial Area,2,4.5,49.66666667,98
359,14-06-10,Kerala,Kozhikode,"Nallalam, Kozhikode",Kerala State Pollution Control Board,Industrial Area,2,7.083333333,44,82
359,17-06-10,Kerala,Kozhikode,"Nallalam, Kozhikode",Kerala State Pollution Control Board,Industrial Area,2,10.38333333,37.66666667,82.66666667
359,21-06-10,Kerala,Kozhikode,"Nallalam, Kozhikode",Kerala State Pollution Control Board,Industrial Area,2,5.3,34,62.33333333
359,24-06-10,Kerala,Kozhikode,"Nallalam, Kozhikode",Kerala State Pollution Control Board,Industrial Area,2,6.466666667,50.675,82
359,28-06-10,Kerala,Kozhikode,"Nallalam, Kozhikode",Kerala State Pollution Control Board,Industrial Area,2,5.383333333,37.66666667,72
359,7/1/2010,Kerala,Kozhikode,"Nallalam, Kozhikode",Kerala State Pollution Control Board,Industrial Area,2,12.71666667,56,115
359,7/5/2010,Kerala,Kozhikode,"Nallalam, Kozhikode",Kerala State Pollution Control Board,Industrial Area,2,5.466666667,62,95.66666667
359,7/8/2010,Kerala,Kozhikode,"Nallalam, Kozhikode",Kerala State Pollution Control Board,Industrial Area,2,6.266666667,52,89.33333333
359,7/12/2010,Kerala,Kozhikode,"Nallalam, Kozhikode",Kerala State Pollution Control Board,Industrial Area,2,11.76666667,35,64.66666667
359,15-07-10,Kerala,Kozhikode,"Nallalam, Kozhikode",Kerala State Pollution Control Board,Industrial Area,2,12.31666667,43,73
359,19-07-10,Kerala,Kozhikode,"Nallalam, Kozhikode",Kerala State Pollution Control Board,Industrial Area,2,13.9,52.33333333,97
359,22-07-10,Kerala,Kozhikode,"Nallalam, Kozhikode",Kerala State Pollution Control Board,Industrial Area,2,12.55,44.33333333,83.66666667
359,26-07-10,Kerala,Kozhikode,"Nallalam, Kozhikode",Kerala State Pollution Control Board,Industrial Area,2,12.31666667,67.66666667,111
359,29-07-10,Kerala,Kozhikode,"Nallalam, Kozhikode",Kerala State Pollution Control Board,Industrial Area,2,10.41666667,47.66666667,109.3333333
359,8/2/2010,Kerala,Kozhikode,"Nallalam, Kozhikode",Kerala State Pollution Control Board,Industrial Area,2,4.5,58.33333333,91.66666667
359,8/6/2010,Kerala,Kozhikode,"Nallalam, Kozhikode",Kerala State Pollution Control Board,Industrial Area,2,8.883333333,41.33333333,88
359,8/10/2010,Kerala,Kozhikode,"Nallalam, Kozhikode",Kerala State Pollution Control Board,Industrial Area,2,5.58,53,97.66666667
359,8/12/2010,Kerala,Kozhikode,"Nallalam, Kozhikode",Kerala State Pollution Control Board,Industrial Area,2,8.1,39.33333333,82
359,16-08-10,Kerala,Kozhikode,"Nallalam, Kozhikode",Kerala State Pollution Control Board,Industrial Area,2,14.76666667,41.33333333,79
359,19-08-10,Kerala,Kozhikode,"Nallalam, Kozhikode",Kerala State Pollution Control Board,Industrial Area,2,5.3,44.325,97
359,25-08-10,Kerala,Kozhikode,"Nallalam, Kozhikode",Kerala State Pollution Control Board,Industrial Area,2,7.166666667,49,83
359,27-08-10,Kerala,Kozhikode,"Nallalam, Kozhikode",Kerala State Pollution Control Board,Industrial Area,2,6.25,49.33333333,103
359,30-08-10,Kerala,Kozhikode,"Nallalam, Kozhikode",Kerala State Pollution Control Board,Industrial Area,2,4.5,36.33333333,74.66666667
359,9/2/2010,Kerala,Kozhikode,"Nallalam, Kozhikode",Kerala State Pollution Control Board,Industrial Area,2,4.5,67,105.6666667
359,9/6/2010,Kerala,Kozhikode,"Nallalam, Kozhikode",Kerala State Pollution Control Board,Industrial Area,2,8.966666667,42.66666667,79.33333333
359,9/8/2010,Kerala,Kozhikode,"Nallalam, Kozhikode",Kerala State Pollution Control Board,Industrial Area,2,5.383333333,40.33333333,90.66666667
359,13-09-10,Kerala,Kozhikode,"Nallalam, Kozhikode",Kerala State Pollution Control Board,Industrial Area,2,6.633333333,47.33333333,77
359,16-09-10,Kerala,Kozhikode,"Nallalam, Kozhikode",Kerala State Pollution Control Board,Industrial Area,2,4.5,53.66666667,105.6666667
359,22-09-10,Kerala,Kozhikode,"Nallalam, Kozhikode",Kerala State Pollution Control Board,Industrial Area,2,4.5,52,90.33333333
359,24-09-10,Kerala,Kozhikode,"Nallalam, Kozhikode",Kerala State Pollution Control Board,Industrial Area,2,5.25,62.33333333,91
359,27-09-10,Kerala,Kozhikode,"Nallalam, Kozhikode",Kerala State Pollution Control Board,Industrial Area,2,4.5,46.33333333,81.33333333
359,29-09-10,Kerala,Kozhikode,"Nallalam, Kozhikode",Kerala State Pollution Control Board,Industrial Area,2,4.5,53,94.66666667
359,10/4/2010,Kerala,Kozhikode,"Nallalam, Kozhikode",Kerala State Pollution Control Board,Industrial Area,2,6.083333333,55.33333333,88.33333333
359,10/7/2010,Kerala,Kozhikode,"Nallalam, Kozhikode",Kerala State Pollution Control Board,Industrial Area,2,6.5,49.66666667,85.66666667
359,10/11/2010,Kerala,Kozhikode,"Nallalam, Kozhikode",Kerala State Pollution Control Board,Industrial Area,2,6.333333333,47,84.66666667
359,14-10-10,Kerala,Kozhikode,"Nallalam, Kozhikode",Kerala State Pollution Control Board,Industrial Area,2,6.458333333,57.66666667,84.66666667
359,18-10-10,Kerala,Kozhikode,"Nallalam, Kozhikode",Kerala State Pollution Control Board,Industrial Area,2,6.5,44.33333333,83.33333333
359,20-10-10,Kerala,Kozhikode,"Nallalam, Kozhikode",Kerala State Pollution Control Board,Industrial Area,2,5.708333333,46.66666667,81
359,22-10-10,Kerala,Kozhikode,"Nallalam, Kozhikode",Kerala State Pollution Control Board,Industrial Area,2,6.291666667,40,73.33333333
359,25-10-10,Kerala,Kozhikode,"Nallalam, Kozhikode",Kerala State Pollution Control Board,Industrial Area,2,6.666666667,36,73.33333333
359,28-10-10,Kerala,Kozhikode,"Nallalam, Kozhikode",Kerala State Pollution Control Board,Industrial Area,2,5.708333333,41.33333333,87.66666667
359,11/1/2010,Kerala,Kozhikode,"Nallalam, Kozhikode",Kerala State Pollution Control Board,Industrial Area,2,6.633333333,36,102.3333333
359,11/3/2010,Kerala,Kozhikode,"Nallalam, Kozhikode",Kerala State Pollution Control Board,Industrial Area,2,6.25,48.66666667,95
359,11/8/2010,Kerala,Kozhikode,"Nallalam, Kozhikode",Kerala State Pollution Control Board,Industrial Area,2,8.05,81.66666667,111.6666667
359,11/11/2010,Kerala,Kozhikode,"Nallalam, Kozhikode",Kerala State Pollution Control Board,Industrial Area,2,8.85,53.33333333,79.33333333
359,15-11-10,Kerala,Kozhikode,"Nallalam, Kozhikode",Kerala State Pollution Control Board,Industrial Area,2,6.083333333,54,89.66666667
359,18-11-10,Kerala,Kozhikode,"Nallalam, Kozhikode",Kerala State Pollution Control Board,Industrial Area,2,6.3,53.33333333,83.66666667
359,22-11-10,Kerala,Kozhikode,"Nallalam, Kozhikode",Kerala State Pollution Control Board,Industrial Area,2,6.55,50,100.3333333
359,25-11-10,Kerala,Kozhikode,"Nallalam, Kozhikode",Kerala State Pollution Control Board,Industrial Area,2,6.166666667,46.33333333,94.33333333
359,29-11-10,Kerala,Kozhikode,"Nallalam, Kozhikode",Kerala State Pollution Control Board,Industrial Area,2,7.333333333,42.33333333,75.66666667
359,12/2/2010,Kerala,Kozhikode,"Nallalam, Kozhikode",Kerala State Pollution Control Board,Industrial Area,2,9.35,52,80
359,12/6/2010,Kerala,Kozhikode,"Nallalam, Kozhikode",Kerala State Pollution Control Board,Industrial Area,2,6.133333333,56.66666667,105
359,12/9/2010,Kerala,Kozhikode,"Nallalam, Kozhikode",Kerala State Pollution Control Board,Industrial Area,2,6.216666667,44.33333333,84.33333333
359,13-12-10,Kerala,Kozhikode,"Nallalam, Kozhikode",Kerala State Pollution Control Board,Industrial Area,2,7.266666667,50,81.33333333
359,17-12-10,Kerala,Kozhikode,"Nallalam, Kozhikode",Kerala State Pollution Control Board,Industrial Area,2,6.083333333,61,106.6666667
359,20-12-10,Kerala,Kozhikode,"Nallalam, Kozhikode",Kerala State Pollution Control Board,Industrial Area,2,7.35,66.66666667,102.6666667
359,23-12-10,Kerala,Kozhikode,"Nallalam, Kozhikode",Kerala State Pollution Control Board,Industrial Area,2,6.133333333,56,87
359,27-12-10,Kerala,Kozhikode,"Nallalam, Kozhikode",Kerala State Pollution Control Board,Industrial Area,2,7.65,46.66666667,94.33333333
359,29-12-10,Kerala,Kozhikode,"Nallalam, Kozhikode",Kerala State Pollution Control Board,Industrial Area,2,13.38333333,48,102.3333333
623,1/1/2010,Kerala,Malappuram,"Kakkanchery, near KINFRA, Malappuram",Kerala State Pollution Control Board,Industrial Area,2,4.5,36.85896667,60.36293333
623,1/4/2010,Kerala,Malappuram,"Kakkanchery, near KINFRA, Malappuram",Kerala State Pollution Control Board,Industrial Area,2,4.5,40.438,54.64743333
623,1/7/2010,Kerala,Malappuram,"Kakkanchery, near KINFRA, Malappuram",Kerala State Pollution Control Board,Industrial Area,2,4.5,36.16453333,50.32053333
623,1/10/2010,Kerala,Malappuram,"Kakkanchery, near KINFRA, Malappuram",Kerala State Pollution Control Board,Industrial Area,2,4.5,34.9359,47.86323333
623,14-01-10,Kerala,Malappuram,"Kakkanchery, near KINFRA, Malappuram",Kerala State Pollution Control Board,Industrial Area,2,4.5,32.42523333,46.63463333
623,17-01-10,Kerala,Malappuram,"Kakkanchery, near KINFRA, Malappuram",Kerala State Pollution Control Board,Industrial Area,2,4.5,32.37176667,46.047
623,20-01-10,Kerala,Malappuram,"Kakkanchery, near KINFRA, Malappuram",Kerala State Pollution Control Board,Industrial Area,2,4.5,31.5171,49.1987
623,24-01-10,Kerala,Malappuram,"Kakkanchery, near KINFRA, Malappuram",Kerala State Pollution Control Board,Industrial Area,2,4.5,36.3782,49.03843333
623,2/1/2010,Kerala,Malappuram,"Kakkanchery, near KINFRA, Malappuram",Kerala State Pollution Control Board,Industrial Area,2,4.5,30.6624,49.41236667
623,2/4/2010,Kerala,Malappuram,"Kakkanchery, near KINFRA, Malappuram",Kerala State Pollution Control Board,Industrial Area,2,4.5,35.3098,46.31413333
623,2/7/2010,Kerala,Malappuram,"Kakkanchery, near KINFRA, Malappuram",Kerala State Pollution Control Board,Industrial Area,2,5.286,31.51706667,48.50426667
623,2/10/2010,Kerala,Malappuram,"Kakkanchery, near KINFRA, Malappuram",Kerala State Pollution Control Board,Industrial Area,2,5.286,36.0043,54.2201
623,14-02-10,Kerala,Malappuram,"Kakkanchery, near KINFRA, Malappuram",Kerala State Pollution Control Board,Industrial Area,2,4.5,27.67093333,43.53633333
623,18-02-10,Kerala,Malappuram,"Kakkanchery, near KINFRA, Malappuram",Kerala State Pollution Control Board,Industrial Area,2,4.5,32.85256667,44.9252
623,21-02-10,Kerala,Malappuram,"Kakkanchery, near KINFRA, Malappuram",Kerala State Pollution Control Board,Industrial Area,2,4.5,26.12183333,42.094
623,24-02-10,Kerala,Malappuram,"Kakkanchery, near KINFRA, Malappuram",Kerala State Pollution Control Board,Industrial Area,2,4.5,30.02136667,42.3611
623,26-02-10,Kerala,Malappuram,"Kakkanchery, near KINFRA, Malappuram",Kerala State Pollution Control Board,Industrial Area,2,4.5,29.2735,40.17093333
623,3/1/2010,Kerala,Malappuram,"Kakkanchery, near KINFRA, Malappuram",Kerala State Pollution Control Board,Industrial Area,2,4.5,25.90813333,43.80343333
623,3/4/2010,Kerala,Malappuram,"Kakkanchery, near KINFRA, Malappuram",Kerala State Pollution Control Board,Industrial Area,2,4.5,31.73076667,43.58973333
623,3/7/2010,Kerala,Malappuram,"Kakkanchery, near KINFRA, Malappuram",Kerala State Pollution Control Board,Industrial Area,2,4.5,34.82906667,50.74786667
623,3/10/2010,Kerala,Malappuram,"Kakkanchery, near KINFRA, Malappuram",Kerala State Pollution Control Board,Industrial Area,2,4.5,22.7564,33.4402
623,14-03-10,Kerala,Malappuram,"Kakkanchery, near KINFRA, Malappuram",Kerala State Pollution Control Board,Industrial Area,2,4.5,31.57053333,42.3077
623,17-03-10,Kerala,Malappuram,"Kakkanchery, near KINFRA, Malappuram",Kerala State Pollution Control Board,Industrial Area,2,4.5,32.10466667,43.85683333
623,21-03-10,Kerala,Malappuram,"Kakkanchery, near KINFRA, Malappuram",Kerala State Pollution Control Board,Industrial Area,2,4.5,33.60043333,45.406
623,24-03-10,Kerala,Malappuram,"Kakkanchery, near KINFRA, Malappuram",Kerala State Pollution Control Board,Industrial Area,2,4.5,14.52993333,27.35033333
623,28-03-10,Kerala,Malappuram,"Kakkanchery, near KINFRA, Malappuram",Kerala State Pollution Control Board,Industrial Area,2,4.5,36.21793333,45.1389
623,4/2/2010,Kerala,Malappuram,"Kakkanchery, near KINFRA, Malappuram",Kerala State Pollution Control Board,Industrial Area,2,4.5,36.85896667,60.36323333
623,4/5/2010,Kerala,Malappuram,"Kakkanchery, near KINFRA, Malappuram",Kerala State Pollution Control Board,Industrial Area,2,4.5,40.438,54.64743333
623,4/8/2010,Kerala,Malappuram,"Kakkanchery, near KINFRA, Malappuram",Kerala State Pollution Control Board,Industrial Area,2,4.5,36.16453333,50.32053333
623,4/11/2010,Kerala,Malappuram,"Kakkanchery, near KINFRA, Malappuram",Kerala State Pollution Control Board,Industrial Area,2,4.5,34.9359,47.86323333
623,15-04-10,Kerala,Malappuram,"Kakkanchery, near KINFRA, Malappuram",Kerala State Pollution Control Board,Industrial Area,2,4.5,32.42523333,46.63463333
623,18-04-10,Kerala,Malappuram,"Kakkanchery, near KINFRA, Malappuram",Kerala State Pollution Control Board,Industrial Area,2,4.5,32.37176667,46.047
623,22-04-10,Kerala,Malappuram,"Kakkanchery, near KINFRA, Malappuram",Kerala State Pollution Control Board,Industrial Area,2,4.5,31.5171,49.1987
623,25-04-10,Kerala,Malappuram,"Kakkanchery, near KINFRA, Malappuram",Kerala State Pollution Control Board,Industrial Area,2,4.5,36.3782,49.03843333
623,28-04-10,Kerala,Malappuram,"Kakkanchery, near KINFRA, Malappuram",Kerala State Pollution Control Board,Industrial Area,2,4.5,30.60896667,40.49143333
623,5/3/2010,Kerala,Malappuram,"Kakkanchery, near KINFRA, Malappuram",Kerala State Pollution Control Board,Industrial Area,2,4.5,30.3953,42.8953
623,5/6/2010,Kerala,Malappuram,"Kakkanchery, near KINFRA, Malappuram",Kerala State Pollution Control Board,Industrial Area,2,4.5,29.75426667,38.56836667
623,5/9/2010,Kerala,Malappuram,"Kakkanchery, near KINFRA, Malappuram",Kerala State Pollution Control Board,Industrial Area,2,4.5,31.35686667,39.9573
623,5/12/2010,Kerala,Malappuram,"Kakkanchery, near KINFRA, Malappuram",Kerala State Pollution Control Board,Industrial Area,2,4.5,29.5406,37.17946667
623,16-05-10,Kerala,Malappuram,"Kakkanchery, near KINFRA, Malappuram",Kerala State Pollution Control Board,Industrial Area,2,4.5,29.16666667,37.17946667
623,19-05-10,Kerala,Malappuram,"Kakkanchery, near KINFRA, Malappuram",Kerala State Pollution Control Board,Industrial Area,2,4.5,28.31196667,35.52353333
623,23-05-10,Kerala,Malappuram,"Kakkanchery, near KINFRA, Malappuram",Kerala State Pollution Control Board,Industrial Area,2,4.5,23.34403333,29.8077
623,26-05-10,Kerala,Malappuram,"Kakkanchery, near KINFRA, Malappuram",Kerala State Pollution Control Board,Industrial Area,2,4.5,31.4637,38.46156667
623,30-05-10,Kerala,Malappuram,"Kakkanchery, near KINFRA, Malappuram",Kerala State Pollution Control Board,Industrial Area,2,4.5,29.75426667,37.1261
623,6/3/2010,Kerala,Malappuram,"Kakkanchery, near KINFRA, Malappuram",Kerala State Pollution Control Board,Industrial Area,2,4.5,11.48503333,36.21796667
623,6/6/2010,Kerala,Malappuram,"Kakkanchery, near KINFRA, Malappuram",Kerala State Pollution Control Board,Industrial Area,2,4.5,33.60043333,47.8098
623,6/9/2010,Kerala,Malappuram,"Kakkanchery, near KINFRA, Malappuram",Kerala State Pollution Control Board,Industrial Area,2,4.5,32.9594,51.656
623,13-06-10,Kerala,Malappuram,"Kakkanchery, near KINFRA, Malappuram",Kerala State Pollution Control Board,Industrial Area,2,4.5,23.13036667,48.23716667
623,15-06-10,Kerala,Malappuram,"Kakkanchery, near KINFRA, Malappuram",Kerala State Pollution Control Board,Industrial Area,2,4.5,17.8953,27.61753333
623,18-06-10,Kerala,Malappuram,"Kakkanchery, near KINFRA, Malappuram",Kerala State Pollution Control Board,Industrial Area,2,4.5,34.77563333,46.047
623,20-06-10,Kerala,Malappuram,"Kakkanchery, near KINFRA, Malappuram",Kerala State Pollution Control Board,Industrial Area,2,4.5,21.3675,40.59826667
623,23-06-10,Kerala,Malappuram,"Kakkanchery, near KINFRA, Malappuram",Kerala State Pollution Control Board,Industrial Area,2,4.5,26.70943333,31.51713333
623,27-06-10,Kerala,Malappuram,"Kakkanchery, near KINFRA, Malappuram",Kerala State Pollution Control Board,Industrial Area,2,4.5,29.38036667,34.3483
623,7/1/2010,Kerala,Malappuram,"Kakkanchery, near KINFRA, Malappuram",Kerala State Pollution Control Board,Industrial Area,2,4.5,28.47223333,44.55126667
623,7/5/2010,Kerala,Malappuram,"Kakkanchery, near KINFRA, Malappuram",Kerala State Pollution Control Board,Industrial Area,2,4.5,28.8996,34.82903333
623,7/8/2010,Kerala,Malappuram,"Kakkanchery, near KINFRA, Malappuram",Kerala State Pollution Control Board,Industrial Area,2,4.5,23.66453333,33.547
623,7/12/2010,Kerala,Malappuram,"Kakkanchery, near KINFRA, Malappuram",Kerala State Pollution Control Board,Industrial Area,2,4.5,16.02566667,45.7265
623,15-07-10,Kerala,Malappuram,"Kakkanchery, near KINFRA, Malappuram",Kerala State Pollution Control Board,Industrial Area,2,4.5,24.1453,33.8141
623,18-07-10,Kerala,Malappuram,"Kakkanchery, near KINFRA, Malappuram",Kerala State Pollution Control Board,Industrial Area,2,4.5,29.75426667,38.6218
623,21-07-10,Kerala,Malappuram,"Kakkanchery, near KINFRA, Malappuram",Kerala State Pollution Control Board,Industrial Area,2,5.709833333,26.06836667,33.44013333
623,25-07-10,Kerala,Malappuram,"Kakkanchery, near KINFRA, Malappuram",Kerala State Pollution Control Board,Industrial Area,2,5.793333333,19.97863333,27.02993333
623,28-07-10,Kerala,Malappuram,"Kakkanchery, near KINFRA, Malappuram",Kerala State Pollution Control Board,Industrial Area,2,4.5,30.609,36.05766667
623,8/1/2010,Kerala,Malappuram,"Kakkanchery, near KINFRA, Malappuram",Kerala State Pollution Control Board,Industrial Area,2,4.5,36.9658,67.094
623,8/4/2010,Kerala,Malappuram,"Kakkanchery, near KINFRA, Malappuram",Kerala State Pollution Control Board,Industrial Area,2,4.5,33.27986667,48.5577
623,8/9/2010,Kerala,Malappuram,"Kakkanchery, near KINFRA, Malappuram",Kerala State Pollution Control Board,Industrial Area,2,4.5,27.40383333,41.2393
623,8/12/2010,Kerala,Malappuram,"Kakkanchery, near KINFRA, Malappuram",Kerala State Pollution Control Board,Industrial Area,2,4.5,30.0748,44.0705
623,15-08-10,Kerala,Malappuram,"Kakkanchery, near KINFRA, Malappuram",Kerala State Pollution Control Board,Industrial Area,2,4.5,41.93376667,52.6709
623,18-08-10,Kerala,Malappuram,"Kakkanchery, near KINFRA, Malappuram",Kerala State Pollution Control Board,Industrial Area,2,4.5,33.2265,44.97863333
623,20-08-10,Kerala,Malappuram,"Kakkanchery, near KINFRA, Malappuram",Kerala State Pollution Control Board,Industrial Area,2,4.5,34.9359,46.74143333
623,25-08-10,Kerala,Malappuram,"Kakkanchery, near KINFRA, Malappuram",Kerala State Pollution Control Board,Industrial Area,2,4.5,39.797,52.61753333
623,29-08-10,Kerala,Malappuram,"Kakkanchery, near KINFRA, Malappuram",Kerala State Pollution Control Board,Industrial Area,2,4.5,28.31196667,37.23293333
623,9/2/2010,Kerala,Malappuram,"Kakkanchery, near KINFRA, Malappuram",Kerala State Pollution Control Board,Industrial Area,2,4.5,34.02776667,55.50223333
623,9/6/2010,Kerala,Malappuram,"Kakkanchery, near KINFRA, Malappuram",Kerala State Pollution Control Board,Industrial Area,2,4.5,28.1517,36.53846667
623,9/9/2010,Kerala,Malappuram,"Kakkanchery, near KINFRA, Malappuram",Kerala State Pollution Control Board,Industrial Area,2,4.5,33.33336667,42.9486
623,13-09-10,Kerala,Malappuram,"Kakkanchery, near KINFRA, Malappuram",Kerala State Pollution Control Board,Industrial Area,2,4.5,31.83763333,42.094
623,16-09-10,Kerala,Malappuram,"Kakkanchery, near KINFRA, Malappuram",Kerala State Pollution Control Board,Industrial Area,2,4.5,33.7607,42.8953
623,20-09-10,Kerala,Malappuram,"Kakkanchery, near KINFRA, Malappuram",Kerala State Pollution Control Board,Industrial Area,2,4.5,31.8376,42.09403333
623,23-09-10,Kerala,Malappuram,"Kakkanchery, near KINFRA, Malappuram",Kerala State Pollution Control Board,Industrial Area,2,4.5,33.06623333,41.453
623,27-09-10,Kerala,Malappuram,"Kakkanchery, near KINFRA, Malappuram",Kerala State Pollution Control Board,Industrial Area,2,4.5,28.73933333,38.8355
623,30-09-10,Kerala,Malappuram,"Kakkanchery, near KINFRA, Malappuram",Kerala State Pollution Control Board,Industrial Area,2,4.5,32.26496667,39.74356667
623,10/4/2010,Kerala,Malappuram,"Kakkanchery, near KINFRA, Malappuram",Kerala State Pollution Control Board,Industrial Area,2,4.5,33.7607,52.2436
623,10/7/2010,Kerala,Malappuram,"Kakkanchery, near KINFRA, Malappuram",Kerala State Pollution Control Board,Industrial Area,2,4.5,31.8376,42.09403333
623,10/11/2010,Kerala,Malappuram,"Kakkanchery, near KINFRA, Malappuram",Kerala State Pollution Control Board,Industrial Area,2,4.5,33.06623333,41.4531
623,14-10-10,Kerala,Malappuram,"Kakkanchery, near KINFRA, Malappuram",Kerala State Pollution Control Board,Industrial Area,2,4.5,28.73933333,38.8355
623,18-10-10,Kerala,Malappuram,"Kakkanchery, near KINFRA, Malappuram",Kerala State Pollution Control Board,Industrial Area,2,4.5,32.26496667,39.74356667
623,20-10-10,Kerala,Malappuram,"Kakkanchery, near KINFRA, Malappuram",Kerala State Pollution Control Board,Industrial Area,2,4.5,34.02776667,44.33763333
623,22-10-10,Kerala,Malappuram,"Kakkanchery, near KINFRA, Malappuram",Kerala State Pollution Control Board,Industrial Area,2,4.5,28.1517,36.53846667
623,25-10-10,Kerala,Malappuram,"Kakkanchery, near KINFRA, Malappuram",Kerala State Pollution Control Board,Industrial Area,2,4.5,33.33336667,42.9487
623,28-10-10,Kerala,Malappuram,"Kakkanchery, near KINFRA, Malappuram",Kerala State Pollution Control Board,Industrial Area,2,4.5,31.83763333,42.0939
623,11/1/2010,Kerala,Malappuram,"Kakkanchery, near KINFRA, Malappuram",Kerala State Pollution Control Board,Industrial Area,2,4.5,36.85896667,45.67306667
623,11/5/2010,Kerala,Malappuram,"Kakkanchery, near KINFRA, Malappuram",Kerala State Pollution Control Board,Industrial Area,2,4.5,27.5641,37.82053333
623,11/8/2010,Kerala,Malappuram,"Kakkanchery, near KINFRA, Malappuram",Kerala State Pollution Control Board,Industrial Area,2,4.5,31.8376,40.22436667
623,11/11/2010,Kerala,Malappuram,"Kakkanchery, near KINFRA, Malappuram",Kerala State Pollution Control Board,Industrial Area,2,4.5,32.79913333,42.8953
623,15-11-10,Kerala,Malappuram,"Kakkanchery, near KINFRA, Malappuram",Kerala State Pollution Control Board,Industrial Area,2,4.5,35.30983333,42.78843333
623,18-11-10,Kerala,Malappuram,"Kakkanchery, near KINFRA, Malappuram",Kerala State Pollution Control Board,Industrial Area,2,4.5,35.09616667,45.40596667
623,22-11-10,Kerala,Malappuram,"Kakkanchery, near KINFRA, Malappuram",Kerala State Pollution Control Board,Industrial Area,2,4.5,27.51066667,35.89743333
623,25-11-10,Kerala,Malappuram,"Kakkanchery, near KINFRA, Malappuram",Kerala State Pollution Control Board,Industrial Area,2,4.5,31.89103333,41.5064
623,29-11-10,Kerala,Malappuram,"Kakkanchery, near KINFRA, Malappuram",Kerala State Pollution Control Board,Industrial Area,2,4.5,26.44233333,36.6987
623,12/2/2010,Kerala,Malappuram,"Kakkanchery, near KINFRA, Malappuram",Kerala State Pollution Control Board,Industrial Area,2,4.5,26.9231,49.09186667
623,12/6/2010,Kerala,Malappuram,"Kakkanchery, near KINFRA, Malappuram",Kerala State Pollution Control Board,Industrial Area,2,4.5,21.8483,40.70513333
623,12/9/2010,Kerala,Malappuram,"Kakkanchery, near KINFRA, Malappuram",Kerala State Pollution Control Board,Industrial Area,2,4.5,22.1154,41.39956667
623,13-12-10,Kerala,Malappuram,"Kakkanchery, near KINFRA, Malappuram",Kerala State Pollution Control Board,Industrial Area,2,4.5,17.4679,44.3376
623,17-12-10,Kerala,Malappuram,"Kakkanchery, near KINFRA, Malappuram",Kerala State Pollution Control Board,Industrial Area,2,4.5,21.5278,45.24576667
623,20-12-10,Kerala,Malappuram,"Kakkanchery, near KINFRA, Malappuram",Kerala State Pollution Control Board,Industrial Area,2,4.5,17.14743333,40.7051
623,23-12-10,Kerala,Malappuram,"Kakkanchery, near KINFRA, Malappuram",Kerala State Pollution Control Board,Industrial Area,2,4.5,19.76496667,40.9188
623,26-12-10,Kerala,Malappuram,"Kakkanchery, near KINFRA, Malappuram",Kerala State Pollution Control Board,Industrial Area,2,4.5,22.43593333,41.72006667
623,28-12-10,Kerala,Malappuram,"Kakkanchery, near KINFRA, Malappuram",Kerala State Pollution Control Board,Industrial Area,2,4.5,30.60896667,40.49143333
623,29-12-10,Kerala,Malappuram,"Kakkanchery, near KINFRA, Malappuram",Kerala State Pollution Control Board,Industrial Area,2,4.5,30.92946667,70.19233333
311,1/5/2010,Kerala,Palakkad,"M/S Carborandum Universal Ltd. P.B. NO. 1, KanjIkode West P.O. Palakad",Kerala State Pollution Control Board,Industrial Area,6.91,7.74,46.05,115.93
311,1/7/2010,Kerala,Palakkad,"M/S Carborandum Universal Ltd. P.B. NO. 1, KanjIkode West P.O. Palakad",Kerala State Pollution Control Board,Industrial Area,6.33,8.06,35.59,42.4
311,1/12/2010,Kerala,Palakkad,"M/S Carborandum Universal Ltd. P.B. NO. 1, KanjIkode West P.O. Palakad",Kerala State Pollution Control Board,Industrial Area,11.19,9.72,21.45,76.83
311,14-01-10,Kerala,Palakkad,"M/S Carborandum Universal Ltd. P.B. NO. 1, KanjIkode West P.O. Palakad",Kerala State Pollution Control Board,Industrial Area,5.03,4.5,62.23,71.85
311,16-01-10,Kerala,Palakkad,"M/S Carborandum Universal Ltd. P.B. NO. 1, KanjIkode West P.O. Palakad",Kerala State Pollution Control Board,Industrial Area,5.36,5.26,6.44,17.49
311,19-01-10,Kerala,Palakkad,"M/S Carborandum Universal Ltd. P.B. NO. 1, KanjIkode West P.O. Palakad",Kerala State Pollution Control Board,Industrial Area,2,9.93,41.21,71.02
311,21-01-10,Kerala,Palakkad,"M/S Carborandum Universal Ltd. P.B. NO. 1, KanjIkode West P.O. Palakad",Kerala State Pollution Control Board,Industrial Area,2.97,5.37,43.11,88.23
311,23-01-10,Kerala,Palakkad,"M/S Carborandum Universal Ltd. P.B. NO. 1, KanjIkode West P.O. Palakad",Kerala State Pollution Control Board,Industrial Area,8.02,5.4,52.33,76.28
311,27-01-10,Kerala,Palakkad,"M/S Carborandum Universal Ltd. P.B. NO. 1, KanjIkode West P.O. Palakad",Kerala State Pollution Control Board,Industrial Area,2,7.99,36.19,79
311,29-01-10,Kerala,Palakkad,"M/S Carborandum Universal Ltd. P.B. NO. 1, KanjIkode West P.O. Palakad",Kerala State Pollution Control Board,Industrial Area,4,9.07,57.55,93.68
311,2/4/2010,Kerala,Palakkad,"M/S Carborandum Universal Ltd. P.B. NO. 1, KanjIkode West P.O. Palakad",Kerala State Pollution Control Board,Industrial Area,8.26,6.19,56.89,110.92
311,2/6/2010,Kerala,Palakkad,"M/S Carborandum Universal Ltd. P.B. NO. 1, KanjIkode West P.O. Palakad",Kerala State Pollution Control Board,Industrial Area,5.94,11.37,59.58,121.4
311,2/8/2010,Kerala,Palakkad,"M/S Carborandum Universal Ltd. P.B. NO. 1, KanjIkode West P.O. Palakad",Kerala State Pollution Control Board,Industrial Area,5.22,7.38,35.83,96.89
311,2/10/2010,Kerala,Palakkad,"M/S Carborandum Universal Ltd. P.B. NO. 1, KanjIkode West P.O. Palakad",Kerala State Pollution Control Board,Industrial Area,3.49,5.4,47.3,90.74
311,16-02-10,Kerala,Palakkad,"M/S Carborandum Universal Ltd. P.B. NO. 1, KanjIkode West P.O. Palakad",Kerala State Pollution Control Board,Industrial Area,3.66,7.2,52.74,81.93
311,18-02-10,Kerala,Palakkad,"M/S Carborandum Universal Ltd. P.B. NO. 1, KanjIkode West P.O. Palakad",Kerala State Pollution Control Board,Industrial Area,4.44,12.23,69.83,101.2
311,20-02-10,Kerala,Palakkad,"M/S Carborandum Universal Ltd. P.B. NO. 1, KanjIkode West P.O. Palakad",Kerala State Pollution Control Board,Industrial Area,2.77,11.45,25.35,76.29
311,22-02-10,Kerala,Palakkad,"M/S Carborandum Universal Ltd. P.B. NO. 1, KanjIkode West P.O. Palakad",Kerala State Pollution Control Board,Industrial Area,2.45,8.64,29,80.94
311,24-02-10,Kerala,Palakkad,"M/S Carborandum Universal Ltd. P.B. NO. 1, KanjIkode West P.O. Palakad",Kerala State Pollution Control Board,Industrial Area,4.25,5.83,32.92,64.42
311,26-02-10,Kerala,Palakkad,"M/S Carborandum Universal Ltd. P.B. NO. 1, KanjIkode West P.O. Palakad",Kerala State Pollution Control Board,Industrial Area,5.03,8.57,34.08,69.61
311,3/4/2010,Kerala,Palakkad,"M/S Carborandum Universal Ltd. P.B. NO. 1, KanjIkode West P.O. Palakad",Kerala State Pollution Control Board,Industrial Area,2,4.5,46.88,106.77
311,3/6/2010,Kerala,Palakkad,"M/S Carborandum Universal Ltd. P.B. NO. 1, KanjIkode West P.O. Palakad",Kerala State Pollution Control Board,Industrial Area,2.45,4.5,31.95,95.5
311,3/9/2010,Kerala,Palakkad,"M/S Carborandum Universal Ltd. P.B. NO. 1, KanjIkode West P.O. Palakad",Kerala State Pollution Control Board,Industrial Area,3.09,8.67,43.6,86.79
311,3/11/2010,Kerala,Palakkad,"M/S Carborandum Universal Ltd. P.B. NO. 1, KanjIkode West P.O. Palakad",Kerala State Pollution Control Board,Industrial Area,2.97,8.24,56.79,137.26
311,16-03-10,Kerala,Palakkad,"M/S Carborandum Universal Ltd. P.B. NO. 1, KanjIkode West P.O. Palakad",Kerala State Pollution Control Board,Industrial Area,6.46,9.07,34.51,72.64
311,20-03-10,Kerala,Palakkad,"M/S Carborandum Universal Ltd. P.B. NO. 1, KanjIkode West P.O. Palakad",Kerala State Pollution Control Board,Industrial Area,2,8.78,43.3,124.85
311,23-03-10,Kerala,Palakkad,"M/S Carborandum Universal Ltd. P.B. NO. 1, KanjIkode West P.O. Palakad",Kerala State Pollution Control Board,Industrial Area,2.38,6.01,49.11,92.82
311,25-03-10,Kerala,Palakkad,"M/S Carborandum Universal Ltd. P.B. NO. 1, KanjIkode West P.O. Palakad",Kerala State Pollution Control Board,Industrial Area,2.38,5.4,50.34,103.2
311,27-03-10,Kerala,Palakkad,"M/S Carborandum Universal Ltd. P.B. NO. 1, KanjIkode West P.O. Palakad",Kerala State Pollution Control Board,Industrial Area,2,4.5,26.2,92.58
311,30-03-10,Kerala,Palakkad,"M/S Carborandum Universal Ltd. P.B. NO. 1, KanjIkode West P.O. Palakad",Kerala State Pollution Control Board,Industrial Area,7.74,4.5,29.2,72.18
311,4/6/2010,Kerala,Palakkad,"M/S Carborandum Universal Ltd. P.B. NO. 1, KanjIkode West P.O. Palakad",Kerala State Pollution Control Board,Industrial Area,2,6.77,34.42,67.59
311,4/8/2010,Kerala,Palakkad,"M/S Carborandum Universal Ltd. P.B. NO. 1, KanjIkode West P.O. Palakad",Kerala State Pollution Control Board,Industrial Area,2,9.04,32.74,75.79
311,4/10/2010,Kerala,Palakkad,"M/S Carborandum Universal Ltd. P.B. NO. 1, KanjIkode West P.O. Palakad",Kerala State Pollution Control Board,Industrial Area,5.08,4.5,24.94,56.02
311,4/12/2010,Kerala,Palakkad,"M/S Carborandum Universal Ltd. P.B. NO. 1, KanjIkode West P.O. Palakad",Kerala State Pollution Control Board,Industrial Area,2,4.5,31.99,63.31
311,17-04-10,Kerala,Palakkad,"M/S Carborandum Universal Ltd. P.B. NO. 1, KanjIkode West P.O. Palakad",Kerala State Pollution Control Board,Industrial Area,5.22,6.05,35.62,64.49
311,20-04-10,Kerala,Palakkad,"M/S Carborandum Universal Ltd. P.B. NO. 1, KanjIkode West P.O. Palakad",Kerala State Pollution Control Board,Industrial Area,2.38,7.13,25.12,49.16
311,22-04-10,Kerala,Palakkad,"M/S Carborandum Universal Ltd. P.B. NO. 1, KanjIkode West P.O. Palakad",Kerala State Pollution Control Board,Industrial Area,4.18,5.62,25.59,37.43
311,24-04-10,Kerala,Palakkad,"M/S Carborandum Universal Ltd. P.B. NO. 1, KanjIkode West P.O. Palakad",Kerala State Pollution Control Board,Industrial Area,2,6.48,22.31,70.02
311,27-04-10,Kerala,Palakkad,"M/S Carborandum Universal Ltd. P.B. NO. 1, KanjIkode West P.O. Palakad",Kerala State Pollution Control Board,Industrial Area,2,6.37,28.46,63.22
311,29-04-10,Kerala,Palakkad,"M/S Carborandum Universal Ltd. P.B. NO. 1, KanjIkode West P.O. Palakad",Kerala State Pollution Control Board,Industrial Area,4,6.23,29.26,71.4
311,5/5/2010,Kerala,Palakkad,"M/S Carborandum Universal Ltd. P.B. NO. 1, KanjIkode West P.O. Palakad",Kerala State Pollution Control Board,Industrial Area,2,5.54,30.21,53.08
311,5/7/2010,Kerala,Palakkad,"M/S Carborandum Universal Ltd. P.B. NO. 1, KanjIkode West P.O. Palakad",Kerala State Pollution Control Board,Industrial Area,2,5.33,28.06,41.72
311,5/11/2010,Kerala,Palakkad,"M/S Carborandum Universal Ltd. P.B. NO. 1, KanjIkode West P.O. Palakad",Kerala State Pollution Control Board,Industrial Area,2,5.29,18.14,38.34
311,13-05-10,Kerala,Palakkad,"M/S Carborandum Universal Ltd. P.B. NO. 1, KanjIkode West P.O. Palakad",Kerala State Pollution Control Board,Industrial Area,2,5.58,13.14,26.06
311,15-05-10,Kerala,Palakkad,"M/S Carborandum Universal Ltd. P.B. NO. 1, KanjIkode West P.O. Palakad",Kerala State Pollution Control Board,Industrial Area,2,6.45,24.15,57.97
311,18-05-10,Kerala,Palakkad,"M/S Carborandum Universal Ltd. P.B. NO. 1, KanjIkode West P.O. Palakad",Kerala State Pollution Control Board,Industrial Area,3.29,4.5,15.01,36.58
311,20-05-10,Kerala,Palakkad,"M/S Carborandum Universal Ltd. P.B. NO. 1, KanjIkode West P.O. Palakad",Kerala State Pollution Control Board,Industrial Area,2,4.5,15.78,37.34
311,22-05-10,Kerala,Palakkad,"M/S Carborandum Universal Ltd. P.B. NO. 1, KanjIkode West P.O. Palakad",Kerala State Pollution Control Board,Industrial Area,2.38,4.5,17.02,37.77
311,25-05-10,Kerala,Palakkad,"M/S Carborandum Universal Ltd. P.B. NO. 1, KanjIkode West P.O. Palakad",Kerala State Pollution Control Board,Industrial Area,2,4.5,15.11,30.12
311,27-05-10,Kerala,Palakkad,"M/S Carborandum Universal Ltd. P.B. NO. 1, KanjIkode West P.O. Palakad",Kerala State Pollution Control Board,Industrial Area,4,4.5,13.73,42.06
311,6/4/2010,Kerala,Palakkad,"M/S Carborandum Universal Ltd. P.B. NO. 1, KanjIkode West P.O. Palakad",Kerala State Pollution Control Board,Industrial Area,2,4.5,39.85,72.29
311,6/8/2010,Kerala,Palakkad,"M/S Carborandum Universal Ltd. P.B. NO. 1, KanjIkode West P.O. Palakad",Kerala State Pollution Control Board,Industrial Area,4.97,6.09,33.38,74.77
311,6/10/2010,Kerala,Palakkad,"M/S Carborandum Universal Ltd. P.B. NO. 1, KanjIkode West P.O. Palakad",Kerala State Pollution Control Board,Industrial Area,2,4.5,36.97,66.12
311,6/12/2010,Kerala,Palakkad,"M/S Carborandum Universal Ltd. P.B. NO. 1, KanjIkode West P.O. Palakad",Kerala State Pollution Control Board,Industrial Area,2,4.5,35.94,77.19
311,15-06-10,Kerala,Palakkad,"M/S Carborandum Universal Ltd. P.B. NO. 1, KanjIkode West P.O. Palakad",Kerala State Pollution Control Board,Industrial Area,5.04,8.5,32.75,69.71
311,17-06-10,Kerala,Palakkad,"M/S Carborandum Universal Ltd. P.B. NO. 1, KanjIkode West P.O. Palakad",Kerala State Pollution Control Board,Industrial Area,3.15,12.24,34.13,69.71
311,19-06-10,Kerala,Palakkad,"M/S Carborandum Universal Ltd. P.B. NO. 1, KanjIkode West P.O. Palakad",Kerala State Pollution Control Board,Industrial Area,3.67,4.5,31.99,67.22
311,22-06-10,Kerala,Palakkad,"M/S Carborandum Universal Ltd. P.B. NO. 1, KanjIkode West P.O. Palakad",Kerala State Pollution Control Board,Industrial Area,2.38,5.26,36.88,69.88
311,24-06-10,Kerala,Palakkad,"M/S Carborandum Universal Ltd. P.B. NO. 1, KanjIkode West P.O. Palakad",Kerala State Pollution Control Board,Industrial Area,2.38,4.5,37.54,54.04
311,26-06-10,Kerala,Palakkad,"M/S Carborandum Universal Ltd. P.B. NO. 1, KanjIkode West P.O. Palakad",Kerala State Pollution Control Board,Industrial Area,4.38,5.62,41.38,57.98
311,7/6/2010,Kerala,Palakkad,"M/S Carborandum Universal Ltd. P.B. NO. 1, KanjIkode West P.O. Palakad",Kerala State Pollution Control Board,Industrial Area,5.02,6.48,26.2,55.61
311,7/8/2010,Kerala,Palakkad,"M/S Carborandum Universal Ltd. P.B. NO. 1, KanjIkode West P.O. Palakad",Kerala State Pollution Control Board,Industrial Area,6.31,5.69,24.66,49
311,7/10/2010,Kerala,Palakkad,"M/S Carborandum Universal Ltd. P.B. NO. 1, KanjIkode West P.O. Palakad",Kerala State Pollution Control Board,Industrial Area,5.92,4.5,19.43,32.4
311,13-07-10,Kerala,Palakkad,"M/S Carborandum Universal Ltd. P.B. NO. 1, KanjIkode West P.O. Palakad",Kerala State Pollution Control Board,Industrial Area,2,4.5,21.14,35.31
311,15-07-10,Kerala,Palakkad,"M/S Carborandum Universal Ltd. P.B. NO. 1, KanjIkode West P.O. Palakad",Kerala State Pollution Control Board,Industrial Area,2,5.4,20.6,39.44
311,17-07-10,Kerala,Palakkad,"M/S Carborandum Universal Ltd. P.B. NO. 1, KanjIkode West P.O. Palakad",Kerala State Pollution Control Board,Industrial Area,2,4.5,20.19,45.47
311,20-07-10,Kerala,Palakkad,"M/S Carborandum Universal Ltd. P.B. NO. 1, KanjIkode West P.O. Palakad",Kerala State Pollution Control Board,Industrial Area,2,4.5,24.82,38.96
311,22-07-10,Kerala,Palakkad,"M/S Carborandum Universal Ltd. P.B. NO. 1, KanjIkode West P.O. Palakad",Kerala State Pollution Control Board,Industrial Area,2,4.5,22.3,40.77
311,24-07-10,Kerala,Palakkad,"M/S Carborandum Universal Ltd. P.B. NO. 1, KanjIkode West P.O. Palakad",Kerala State Pollution Control Board,Industrial Area,2,4.5,19.13,42.8
311,28-07-10,Kerala,Palakkad,"M/S Carborandum Universal Ltd. P.B. NO. 1, KanjIkode West P.O. Palakad",Kerala State Pollution Control Board,Industrial Area,4,4.5,24.32,49.96
311,8/3/2010,Kerala,Palakkad,"M/S Carborandum Universal Ltd. P.B. NO. 1, KanjIkode West P.O. Palakad",Kerala State Pollution Control Board,Industrial Area,2,4.5,46.31,87.77
311,8/5/2010,Kerala,Palakkad,"M/S Carborandum Universal Ltd. P.B. NO. 1, KanjIkode West P.O. Palakad",Kerala State Pollution Control Board,Industrial Area,3.34,4.5,29.24,58.08
311,8/7/2010,Kerala,Palakkad,"M/S Carborandum Universal Ltd. P.B. NO. 1, KanjIkode West P.O. Palakad",Kerala State Pollution Control Board,Industrial Area,2,4.5,54.91,73.67
311,8/10/2010,Kerala,Palakkad,"M/S Carborandum Universal Ltd. P.B. NO. 1, KanjIkode West P.O. Palakad",Kerala State Pollution Control Board,Industrial Area,2,5.62,27.05,61.61
311,8/12/2010,Kerala,Palakkad,"M/S Carborandum Universal Ltd. P.B. NO. 1, KanjIkode West P.O. Palakad",Kerala State Pollution Control Board,Industrial Area,2,5.44,34.12,60.28
311,14-08-10,Kerala,Palakkad,"M/S Carborandum Universal Ltd. P.B. NO. 1, KanjIkode West P.O. Palakad",Kerala State Pollution Control Board,Industrial Area,2.71,4.5,45.87,62.35
311,16-08-10,Kerala,Palakkad,"M/S Carborandum Universal Ltd. P.B. NO. 1, KanjIkode West P.O. Palakad",Kerala State Pollution Control Board,Industrial Area,2,4.5,39.84,67.23
311,18-08-10,Kerala,Palakkad,"M/S Carborandum Universal Ltd. P.B. NO. 1, KanjIkode West P.O. Palakad",Kerala State Pollution Control Board,Industrial Area,2,4.5,22.06,56.1
311,20-08-10,Kerala,Palakkad,"M/S Carborandum Universal Ltd. P.B. NO. 1, KanjIkode West P.O. Palakad",Kerala State Pollution Control Board,Industrial Area,2.58,6.3,28.16,56.51
311,27-08-10,Kerala,Palakkad,"M/S Carborandum Universal Ltd. P.B. NO. 1, KanjIkode West P.O. Palakad",Kerala State Pollution Control Board,Industrial Area,4,5.76,37.95,58.43
311,9/3/2010,Kerala,Palakkad,"M/S Carborandum Universal Ltd. P.B. NO. 1, KanjIkode West P.O. Palakad",Kerala State Pollution Control Board,Industrial Area,2,4.5,26.07,41.92
311,9/7/2010,Kerala,Palakkad,"M/S Carborandum Universal Ltd. P.B. NO. 1, KanjIkode West P.O. Palakad",Kerala State Pollution Control Board,Industrial Area,2,4.5,22.3,60.48
311,9/9/2010,Kerala,Palakkad,"M/S Carborandum Universal Ltd. P.B. NO. 1, KanjIkode West P.O. Palakad",Kerala State Pollution Control Board,Industrial Area,3.61,4.5,26.53,47.4
311,14-09-10,Kerala,Palakkad,"M/S Carborandum Universal Ltd. P.B. NO. 1, KanjIkode West P.O. Palakad",Kerala State Pollution Control Board,Industrial Area,2,7.88,23.07,55.45
311,16-09-10,Kerala,Palakkad,"M/S Carborandum Universal Ltd. P.B. NO. 1, KanjIkode West P.O. Palakad",Kerala State Pollution Control Board,Industrial Area,3.87,4.5,42.97,56.96
311,18-09-10,Kerala,Palakkad,"M/S Carborandum Universal Ltd. P.B. NO. 1, KanjIkode West P.O. Palakad",Kerala State Pollution Control Board,Industrial Area,2,4.5,25.34,51.29
311,21-09-10,Kerala,Palakkad,"M/S Carborandum Universal Ltd. P.B. NO. 1, KanjIkode West P.O. Palakad",Kerala State Pollution Control Board,Industrial Area,2,6.41,35.88,55.05
311,23-09-10,Kerala,Palakkad,"M/S Carborandum Universal Ltd. P.B. NO. 1, KanjIkode West P.O. Palakad",Kerala State Pollution Control Board,Industrial Area,4.05,4.5,30.98,54.57
311,25-09-10,Kerala,Palakkad,"M/S Carborandum Universal Ltd. P.B. NO. 1, KanjIkode West P.O. Palakad",Kerala State Pollution Control Board,Industrial Area,2,4.5,25.49,46.25
311,28-09-10,Kerala,Palakkad,"M/S Carborandum Universal Ltd. P.B. NO. 1, KanjIkode West P.O. Palakad",Kerala State Pollution Control Board,Industrial Area,4.51,9.72,28.4,46.43
311,10/5/2010,Kerala,Palakkad,"M/S Carborandum Universal Ltd. P.B. NO. 1, KanjIkode West P.O. Palakad",Kerala State Pollution Control Board,Industrial Area,5.59,5.29,32.85,53.31
311,10/7/2010,Kerala,Palakkad,"M/S Carborandum Universal Ltd. P.B. NO. 1, KanjIkode West P.O. Palakad",Kerala State Pollution Control Board,Industrial Area,2,4.5,37.17,59.84
311,10/9/2010,Kerala,Palakkad,"M/S Carborandum Universal Ltd. P.B. NO. 1, KanjIkode West P.O. Palakad",Kerala State Pollution Control Board,Industrial Area,3.92,5.8,38.52,61.07
311,10/12/2010,Kerala,Palakkad,"M/S Carborandum Universal Ltd. P.B. NO. 1, KanjIkode West P.O. Palakad",Kerala State Pollution Control Board,Industrial Area,3.02,6.09,35.17,50.67
311,14-10-10,Kerala,Palakkad,"M/S Carborandum Universal Ltd. P.B. NO. 1, KanjIkode West P.O. Palakad",Kerala State Pollution Control Board,Industrial Area,2,6.23,28.47,56.43
311,19-10-10,Kerala,Palakkad,"M/S Carborandum Universal Ltd. P.B. NO. 1, KanjIkode West P.O. Palakad",Kerala State Pollution Control Board,Industrial Area,2,4.5,31.79,50.75
311,21-10-10,Kerala,Palakkad,"M/S Carborandum Universal Ltd. P.B. NO. 1, KanjIkode West P.O. Palakad",Kerala State Pollution Control Board,Industrial Area,2.89,4.5,30.21,42.42
311,23-10-10,Kerala,Palakkad,"M/S Carborandum Universal Ltd. P.B. NO. 1, KanjIkode West P.O. Palakad",Kerala State Pollution Control Board,Industrial Area,3.72,4.5,25.06,39.29
311,26-10-10,Kerala,Palakkad,"M/S Carborandum Universal Ltd. P.B. NO. 1, KanjIkode West P.O. Palakad",Kerala State Pollution Control Board,Industrial Area,2.83,4.5,32.59,48.05
311,28-10-10,Kerala,Palakkad,"M/S Carborandum Universal Ltd. P.B. NO. 1, KanjIkode West P.O. Palakad",Kerala State Pollution Control Board,Industrial Area,5.35,6.62,26,47.25
311,11/4/2010,Kerala,Palakkad,"M/S Carborandum Universal Ltd. P.B. NO. 1, KanjIkode West P.O. Palakad",Kerala State Pollution Control Board,Industrial Area,2,7.63,28.91,59.1
311,11/9/2010,Kerala,Palakkad,"M/S Carborandum Universal Ltd. P.B. NO. 1, KanjIkode West P.O. Palakad",Kerala State Pollution Control Board,Industrial Area,2,9.51,29.67,54.66
311,11/11/2010,Kerala,Palakkad,"M/S Carborandum Universal Ltd. P.B. NO. 1, KanjIkode West P.O. Palakad",Kerala State Pollution Control Board,Industrial Area,4.12,4.5,26.01,45.84
311,13-11-10,Kerala,Palakkad,"M/S Carborandum Universal Ltd. P.B. NO. 1, KanjIkode West P.O. Palakad",Kerala State Pollution Control Board,Industrial Area,4.25,4.5,33.13,53
311,16-11-10,Kerala,Palakkad,"M/S Carborandum Universal Ltd. P.B. NO. 1, KanjIkode West P.O. Palakad",Kerala State Pollution Control Board,Industrial Area,2,4.5,29.14,58.52
311,18-11-10,Kerala,Palakkad,"M/S Carborandum Universal Ltd. P.B. NO. 1, KanjIkode West P.O. Palakad",Kerala State Pollution Control Board,Industrial Area,2,8.89,27.06,47.77
311,20-11-10,Kerala,Palakkad,"M/S Carborandum Universal Ltd. P.B. NO. 1, KanjIkode West P.O. Palakad",Kerala State Pollution Control Board,Industrial Area,2,6.45,26.07,45.81
311,23-11-10,Kerala,Palakkad,"M/S Carborandum Universal Ltd. P.B. NO. 1, KanjIkode West P.O. Palakad",Kerala State Pollution Control Board,Industrial Area,2,9.04,33.57,50.22
311,25-11-10,Kerala,Palakkad,"M/S Carborandum Universal Ltd. P.B. NO. 1, KanjIkode West P.O. Palakad",Kerala State Pollution Control Board,Industrial Area,2,5.26,40.11,60.04
311,27-11-10,Kerala,Palakkad,"M/S Carborandum Universal Ltd. P.B. NO. 1, KanjIkode West P.O. Palakad",Kerala State Pollution Control Board,Industrial Area,4,7.78,39.67,58.93
311,12/7/2010,Kerala,Palakkad,"M/S Carborandum Universal Ltd. P.B. NO. 1, KanjIkode West P.O. Palakad",Kerala State Pollution Control Board,Industrial Area,2.51,9.62,21.25,39.32
311,12/9/2010,Kerala,Palakkad,"M/S Carborandum Universal Ltd. P.B. NO. 1, KanjIkode West P.O. Palakad",Kerala State Pollution Control Board,Industrial Area,2,8.14,18.11,34.79
311,12/11/2010,Kerala,Palakkad,"M/S Carborandum Universal Ltd. P.B. NO. 1, KanjIkode West P.O. Palakad",Kerala State Pollution Control Board,Industrial Area,2,5.29,21.43,33.13
311,14-12-10,Kerala,Palakkad,"M/S Carborandum Universal Ltd. P.B. NO. 1, KanjIkode West P.O. Palakad",Kerala State Pollution Control Board,Industrial Area,2,8.46,18.54,41
311,16-12-10,Kerala,Palakkad,"M/S Carborandum Universal Ltd. P.B. NO. 1, KanjIkode West P.O. Palakad",Kerala State Pollution Control Board,Industrial Area,4.11,7.82,37.14,48.53
311,18-12-10,Kerala,Palakkad,"M/S Carborandum Universal Ltd. P.B. NO. 1, KanjIkode West P.O. Palakad",Kerala State Pollution Control Board,Industrial Area,2,6.27,30.86,49.92
311,21-12-10,Kerala,Palakkad,"M/S Carborandum Universal Ltd. P.B. NO. 1, KanjIkode West P.O. Palakad",Kerala State Pollution Control Board,Industrial Area,2,6.05,20.83,37.17
311,23-12-10,Kerala,Palakkad,"M/S Carborandum Universal Ltd. P.B. NO. 1, KanjIkode West P.O. Palakad",Kerala State Pollution Control Board,Industrial Area,2.38,7.67,26.55,38.99
311,25-12-10,Kerala,Palakkad,"M/S Carborandum Universal Ltd. P.B. NO. 1, KanjIkode West P.O. Palakad",Kerala State Pollution Control Board,Industrial Area,2.64,8.97,26.87,44.87
311,28-12-10,Kerala,Palakkad,"M/S Carborandum Universal Ltd. P.B. NO. 1, KanjIkode West P.O. Palakad",Kerala State Pollution Control Board,Industrial Area,2,4.5,28.98,44.68
311,31-12-10,Kerala,Palakkad,"M/S Carborandum Universal Ltd. P.B. NO. 1, KanjIkode West P.O. Palakad",Kerala State Pollution Control Board,Industrial Area,2,4.5,62.56,84.02
419,1/1/2010,Kerala,Thiruvananthapuram,"PRS Hospital, Thiruvanathapuram",Kerala State Pollution Control Board,Sensitive Area,6.62,27.13,55,63.66666667
419,1/5/2010,Kerala,Thiruvananthapuram,"PRS Hospital, Thiruvanathapuram",Kerala State Pollution Control Board,Sensitive Area,6.45,26.65,54,62.66666667
419,1/9/2010,Kerala,Thiruvananthapuram,"PRS Hospital, Thiruvanathapuram",Kerala State Pollution Control Board,Sensitive Area,6.62,30.25,61,69.66666667
419,1/11/2010,Kerala,Thiruvananthapuram,"PRS Hospital, Thiruvanathapuram",Kerala State Pollution Control Board,Sensitive Area,6.65,29.48,59,67.66666667
419,13-01-10,Kerala,Thiruvananthapuram,"PRS Hospital, Thiruvanathapuram",Kerala State Pollution Control Board,Sensitive Area,6.72,29.5,63.33,72.66666667
419,14-01-10,Kerala,Thiruvananthapuram,"PRS Hospital, Thiruvanathapuram",Kerala State Pollution Control Board,Sensitive Area,6.07,27.58,53.33,61.33333333
419,16-01-10,Kerala,Thiruvananthapuram,"PRS Hospital, Thiruvanathapuram",Kerala State Pollution Control Board,Sensitive Area,6.62,29.32,50,60
419,23-01-10,Kerala,Thiruvananthapuram,"PRS Hospital, Thiruvanathapuram",Kerala State Pollution Control Board,Sensitive Area,6.7,26.68,47.33,56.66666667
419,27-01-10,Kerala,Thiruvananthapuram,"PRS Hospital, Thiruvanathapuram",Kerala State Pollution Control Board,Sensitive Area,6.77,26.6,50.67,58.66666667
419,29-01-10,Kerala,Thiruvananthapuram,"PRS Hospital, Thiruvanathapuram",Kerala State Pollution Control Board,Sensitive Area,6.73,27.77,59.67,68.33333333
419,2/1/2010,Kerala,Thiruvananthapuram,"PRS Hospital, Thiruvanathapuram",Kerala State Pollution Control Board,Sensitive Area,7.02,26.28,49.33,58.66666667
419,2/8/2010,Kerala,Thiruvananthapuram,"PRS Hospital, Thiruvanathapuram",Kerala State Pollution Control Board,Sensitive Area,6.55,25.82,52.33,61
419,2/10/2010,Kerala,Thiruvananthapuram,"PRS Hospital, Thiruvanathapuram",Kerala State Pollution Control Board,Sensitive Area,6.67,27,61.67,70.33333333
419,2/12/2010,Kerala,Thiruvananthapuram,"PRS Hospital, Thiruvanathapuram",Kerala State Pollution Control Board,Sensitive Area,7.02,26,51.33,60.66666667
419,15-02-10,Kerala,Thiruvananthapuram,"PRS Hospital, Thiruvanathapuram",Kerala State Pollution Control Board,Sensitive Area,7.87,28.85,52,61.33333333
419,19-02-10,Kerala,Thiruvananthapuram,"PRS Hospital, Thiruvanathapuram",Kerala State Pollution Control Board,Sensitive Area,6.78,26.52,49.33,57.33333333
419,20-02-10,Kerala,Thiruvananthapuram,"PRS Hospital, Thiruvanathapuram",Kerala State Pollution Control Board,Sensitive Area,6.9,27.02,50.67,59.33333333
419,25-02-10,Kerala,Thiruvananthapuram,"PRS Hospital, Thiruvanathapuram",Kerala State Pollution Control Board,Sensitive Area,7.03,27.22,54.33,63.66666667
419,27-02-10,Kerala,Thiruvananthapuram,"PRS Hospital, Thiruvanathapuram",Kerala State Pollution Control Board,Sensitive Area,7.42,28.07,52.67,64
419,28-02-10,Kerala,Thiruvananthapuram,"PRS Hospital, Thiruvanathapuram",Kerala State Pollution Control Board,Sensitive Area,7.43,32.8,59.67,68.33333333
419,3/1/2010,Kerala,Thiruvananthapuram,"PRS Hospital, Thiruvanathapuram",Kerala State Pollution Control Board,Sensitive Area,7.4,29.9,54.67,64
419,3/5/2010,Kerala,Thiruvananthapuram,"PRS Hospital, Thiruvanathapuram",Kerala State Pollution Control Board,Sensitive Area,6.73,28.46,58.67,68.66666667
419,3/9/2010,Kerala,Thiruvananthapuram,"PRS Hospital, Thiruvanathapuram",Kerala State Pollution Control Board,Sensitive Area,6.52,27.5,50.67,60.66666667
419,13-03-10,Kerala,Thiruvananthapuram,"PRS Hospital, Thiruvanathapuram",Kerala State Pollution Control Board,Sensitive Area,6.97,27.32,53.67,63.33333333
419,17-03-10,Kerala,Thiruvananthapuram,"PRS Hospital, Thiruvanathapuram",Kerala State Pollution Control Board,Sensitive Area,6.47,27.98,55,64.33333333
419,21-03-10,Kerala,Thiruvananthapuram,"PRS Hospital, Thiruvanathapuram",Kerala State Pollution Control Board,Sensitive Area,7.15,27.7,54.67,63.33333333
419,22-03-10,Kerala,Thiruvananthapuram,"PRS Hospital, Thiruvanathapuram",Kerala State Pollution Control Board,Sensitive Area,6.27,25.22,46.67,55.33333333
419,25-03-10,Kerala,Thiruvananthapuram,"PRS Hospital, Thiruvanathapuram",Kerala State Pollution Control Board,Sensitive Area,5.67,23.75,46,54
419,29-03-10,Kerala,Thiruvananthapuram,"PRS Hospital, Thiruvanathapuram",Kerala State Pollution Control Board,Sensitive Area,5.58,23.43,53.33,61.33333333
419,4/3/2010,Kerala,Thiruvananthapuram,"PRS Hospital, Thiruvanathapuram",Kerala State Pollution Control Board,Sensitive Area,6.39,28.37,50,59.33333333
419,4/6/2010,Kerala,Thiruvananthapuram,"PRS Hospital, Thiruvanathapuram",Kerala State Pollution Control Board,Sensitive Area,6.64,25.93,50.67,61.33333333
419,4/10/2010,Kerala,Thiruvananthapuram,"PRS Hospital, Thiruvanathapuram",Kerala State Pollution Control Board,Sensitive Area,6.91,30.93,48,56.33333333
419,16-04-10,Kerala,Thiruvananthapuram,"PRS Hospital, Thiruvanathapuram",Kerala State Pollution Control Board,Sensitive Area,6.58,30.85,51.67,60.33333333
419,19-04-10,Kerala,Thiruvananthapuram,"PRS Hospital, Thiruvanathapuram",Kerala State Pollution Control Board,Sensitive Area,6.39,31.08,47.67,56.33333333
419,20-04-10,Kerala,Thiruvananthapuram,"PRS Hospital, Thiruvanathapuram",Kerala State Pollution Control Board,Sensitive Area,6.56,29.18,53.33,62
419,23-04-10,Kerala,Thiruvananthapuram,"PRS Hospital, Thiruvanathapuram",Kerala State Pollution Control Board,Sensitive Area,7.02,25.9,48,56
419,24-04-10,Kerala,Thiruvananthapuram,"PRS Hospital, Thiruvanathapuram",Kerala State Pollution Control Board,Sensitive Area,6.4,27.45,55.33,64
419,27-04-10,Kerala,Thiruvananthapuram,"PRS Hospital, Thiruvanathapuram",Kerala State Pollution Control Board,Sensitive Area,6.53,26.35,52.33,61
419,5/3/2010,Kerala,Thiruvananthapuram,"PRS Hospital, Thiruvanathapuram",Kerala State Pollution Control Board,Sensitive Area,6.95,31.42,56,69.33333333
419,5/6/2010,Kerala,Thiruvananthapuram,"PRS Hospital, Thiruvanathapuram",Kerala State Pollution Control Board,Sensitive Area,6.55,27.28,61.67,70.33333333
419,5/10/2010,Kerala,Thiruvananthapuram,"PRS Hospital, Thiruvanathapuram",Kerala State Pollution Control Board,Sensitive Area,6.12,26.78,59,68
419,15-05-10,Kerala,Thiruvananthapuram,"PRS Hospital, Thiruvanathapuram",Kerala State Pollution Control Board,Sensitive Area,7.23,26.25,58,66
419,17-05-10,Kerala,Thiruvananthapuram,"PRS Hospital, Thiruvanathapuram",Kerala State Pollution Control Board,Sensitive Area,6.23,27.65,50.33,59
419,21-05-10,Kerala,Thiruvananthapuram,"PRS Hospital, Thiruvanathapuram",Kerala State Pollution Control Board,Sensitive Area,5.78,24.4,40,48
419,24-05-10,Kerala,Thiruvananthapuram,"PRS Hospital, Thiruvanathapuram",Kerala State Pollution Control Board,Sensitive Area,6.23,25.4,47.33,55.33333333
419,28-05-10,Kerala,Thiruvananthapuram,"PRS Hospital, Thiruvanathapuram",Kerala State Pollution Control Board,Sensitive Area,5.83,24.85,49.33,57.33333333
419,31-05-10,Kerala,Thiruvananthapuram,"PRS Hospital, Thiruvanathapuram",Kerala State Pollution Control Board,Sensitive Area,6.35,26.02,49.67,59
419,6/2/2010,Kerala,Thiruvananthapuram,"PRS Hospital, Thiruvanathapuram",Kerala State Pollution Control Board,Sensitive Area,5.65,17.88,46,54
419,6/5/2010,Kerala,Thiruvananthapuram,"PRS Hospital, Thiruvanathapuram",Kerala State Pollution Control Board,Sensitive Area,5.57,22.87,47.67,54.83325
419,6/7/2010,Kerala,Thiruvananthapuram,"PRS Hospital, Thiruvanathapuram",Kerala State Pollution Control Board,Sensitive Area,5,19.97,45.33,53.583325
419,6/10/2010,Kerala,Thiruvananthapuram,"PRS Hospital, Thiruvanathapuram",Kerala State Pollution Control Board,Sensitive Area,5.77,16.78,44.33,52.125
419,15-06-10,Kerala,Thiruvananthapuram,"PRS Hospital, Thiruvanathapuram",Kerala State Pollution Control Board,Sensitive Area,5.3,16.03,41.67,49
419,23-06-10,Kerala,Thiruvananthapuram,"PRS Hospital, Thiruvanathapuram",Kerala State Pollution Control Board,Sensitive Area,5.33,21.95,43.33,52
419,26-06-10,Kerala,Thiruvananthapuram,"PRS Hospital, Thiruvanathapuram",Kerala State Pollution Control Board,Sensitive Area,6.97,27.77,48,58
419,29-06-10,Kerala,Thiruvananthapuram,"PRS Hospital, Thiruvanathapuram",Kerala State Pollution Control Board,Sensitive Area,5.92,26.43,49.33,57.666675
419,30-06-10,Kerala,Thiruvananthapuram,"PRS Hospital, Thiruvanathapuram",Kerala State Pollution Control Board,Sensitive Area,5.88,27.95,46.33,55
419,7/3/2010,Kerala,Thiruvananthapuram,"PRS Hospital, Thiruvanathapuram",Kerala State Pollution Control Board,Sensitive Area,5.7,15.98,43.33,50.66666667
419,7/7/2010,Kerala,Thiruvananthapuram,"PRS Hospital, Thiruvanathapuram",Kerala State Pollution Control Board,Sensitive Area,5.17,14.73,44.67,52
419,7/10/2010,Kerala,Thiruvananthapuram,"PRS Hospital, Thiruvanathapuram",Kerala State Pollution Control Board,Sensitive Area,5.52,16.47,40.33,47
419,13-07-10,Kerala,Thiruvananthapuram,"PRS Hospital, Thiruvanathapuram",Kerala State Pollution Control Board,Sensitive Area,4.97,20.35,40.33,47.66666667
419,15-07-10,Kerala,Thiruvananthapuram,"PRS Hospital, Thiruvanathapuram",Kerala State Pollution Control Board,Sensitive Area,6.37,20.5,44,52.66666667
419,19-07-10,Kerala,Thiruvananthapuram,"PRS Hospital, Thiruvanathapuram",Kerala State Pollution Control Board,Sensitive Area,6.53,23.15,43.67,51.66666667
419,25-07-10,Kerala,Thiruvananthapuram,"PRS Hospital, Thiruvanathapuram",Kerala State Pollution Control Board,Sensitive Area,5.47,26.75,48.33,56.33333333
419,29-07-10,Kerala,Thiruvananthapuram,"PRS Hospital, Thiruvanathapuram",Kerala State Pollution Control Board,Sensitive Area,6.03,28.67,38,46
419,31-07-10,Kerala,Thiruvananthapuram,"PRS Hospital, Thiruvanathapuram",Kerala State Pollution Control Board,Sensitive Area,5.83,26.87,44,52.33333333
419,8/2/2010,Kerala,Thiruvananthapuram,"PRS Hospital, Thiruvanathapuram",Kerala State Pollution Control Board,Sensitive Area,6.27,24.82,45.67,54
419,8/6/2010,Kerala,Thiruvananthapuram,"PRS Hospital, Thiruvanathapuram",Kerala State Pollution Control Board,Sensitive Area,6.47,22.15,42.67,50.33333333
419,8/8/2010,Kerala,Thiruvananthapuram,"PRS Hospital, Thiruvanathapuram",Kerala State Pollution Control Board,Sensitive Area,6.12,19.9,40.33,48.66666667
419,8/11/2010,Kerala,Thiruvananthapuram,"PRS Hospital, Thiruvanathapuram",Kerala State Pollution Control Board,Sensitive Area,6.22,21.3,43.33,51
419,16-08-10,Kerala,Thiruvananthapuram,"PRS Hospital, Thiruvanathapuram",Kerala State Pollution Control Board,Sensitive Area,6.32,22.77,44.33,53
419,20-08-10,Kerala,Thiruvananthapuram,"PRS Hospital, Thiruvanathapuram",Kerala State Pollution Control Board,Sensitive Area,6.97,24.1,48.67,56
419,25-08-10,Kerala,Thiruvananthapuram,"PRS Hospital, Thiruvanathapuram",Kerala State Pollution Control Board,Sensitive Area,6.13,27.75,42.67,51.33333333
419,29-08-10,Kerala,Thiruvananthapuram,"PRS Hospital, Thiruvanathapuram",Kerala State Pollution Control Board,Sensitive Area,5.38,25.08,46,54.66666667
419,9/1/2010,Kerala,Thiruvananthapuram,"PRS Hospital, Thiruvanathapuram",Kerala State Pollution Control Board,Sensitive Area,7.15,26.8,54.67,63.33333333
419,9/5/2010,Kerala,Thiruvananthapuram,"PRS Hospital, Thiruvanathapuram",Kerala State Pollution Control Board,Sensitive Area,6,26.05,58,66.66666667
419,9/8/2010,Kerala,Thiruvananthapuram,"PRS Hospital, Thiruvanathapuram",Kerala State Pollution Control Board,Sensitive Area,6.47,25.42,50.67,58.66666667
419,9/12/2010,Kerala,Thiruvananthapuram,"PRS Hospital, Thiruvanathapuram",Kerala State Pollution Control Board,Sensitive Area,6.12,27.58,49.33,57.33333333
419,13-09-10,Kerala,Thiruvananthapuram,"PRS Hospital, Thiruvanathapuram",Kerala State Pollution Control Board,Sensitive Area,5.92,27.2,49.33,57.33333333
419,16-09-10,Kerala,Thiruvananthapuram,"PRS Hospital, Thiruvanathapuram",Kerala State Pollution Control Board,Sensitive Area,6.88,25.22,55,64.33333333
419,21-09-10,Kerala,Thiruvananthapuram,"PRS Hospital, Thiruvanathapuram",Kerala State Pollution Control Board,Sensitive Area,6.88,25.88,50,58.66666667
419,25-09-10,Kerala,Thiruvananthapuram,"PRS Hospital, Thiruvanathapuram",Kerala State Pollution Control Board,Sensitive Area,6.23,49.05,48.33,57.66666667
419,28-09-10,Kerala,Thiruvananthapuram,"PRS Hospital, Thiruvanathapuram",Kerala State Pollution Control Board,Sensitive Area,5.92,23.9,45.33,54.66666667
419,10/1/2010,Kerala,Thiruvananthapuram,"PRS Hospital, Thiruvanathapuram",Kerala State Pollution Control Board,Sensitive Area,7.05,23.72,53.67,62.33333333
419,10/4/2010,Kerala,Thiruvananthapuram,"PRS Hospital, Thiruvanathapuram",Kerala State Pollution Control Board,Sensitive Area,6.7,21,55.67,64.33333333
419,10/9/2010,Kerala,Thiruvananthapuram,"PRS Hospital, Thiruvanathapuram",Kerala State Pollution Control Board,Sensitive Area,6.38,19.3,50,58
419,14-10-10,Kerala,Thiruvananthapuram,"PRS Hospital, Thiruvanathapuram",Kerala State Pollution Control Board,Sensitive Area,8.08,27.15,57.67,66.33333333
419,16-10-10,Kerala,Thiruvananthapuram,"PRS Hospital, Thiruvanathapuram",Kerala State Pollution Control Board,Sensitive Area,6.85,26.02,53,61.66666667
419,20-10-10,Kerala,Thiruvananthapuram,"PRS Hospital, Thiruvanathapuram",Kerala State Pollution Control Board,Sensitive Area,7.15,28.53,52.67,71.33333333
419,22-10-10,Kerala,Thiruvananthapuram,"PRS Hospital, Thiruvanathapuram",Kerala State Pollution Control Board,Sensitive Area,6.13,25.25,54.33,63.66666667
419,24-10-10,Kerala,Thiruvananthapuram,"PRS Hospital, Thiruvanathapuram",Kerala State Pollution Control Board,Sensitive Area,6.03,22.7,48,56.66666667
419,27-10-10,Kerala,Thiruvananthapuram,"PRS Hospital, Thiruvanathapuram",Kerala State Pollution Control Board,Sensitive Area,6.8,23,52.67,61.66666667
419,11/3/2010,Kerala,Thiruvananthapuram,"PRS Hospital, Thiruvanathapuram",Kerala State Pollution Control Board,Sensitive Area,6.87,26.97,52.67,60.66666667
419,11/5/2010,Kerala,Thiruvananthapuram,"PRS Hospital, Thiruvanathapuram",Kerala State Pollution Control Board,Sensitive Area,6.23,22.77,47.33,56
419,11/10/2010,Kerala,Thiruvananthapuram,"PRS Hospital, Thiruvanathapuram",Kerala State Pollution Control Board,Sensitive Area,7.03,24.53,44,51
419,11/12/2010,Kerala,Thiruvananthapuram,"PRS Hospital, Thiruvanathapuram",Kerala State Pollution Control Board,Sensitive Area,7.32,24.77,48.33,56.33333333
419,15-11-10,Kerala,Thiruvananthapuram,"PRS Hospital, Thiruvanathapuram",Kerala State Pollution Control Board,Sensitive Area,6.43,25.83,44,52
419,21-11-10,Kerala,Thiruvananthapuram,"PRS Hospital, Thiruvanathapuram",Kerala State Pollution Control Board,Sensitive Area,6.13,25.7,54.33,63
419,24-11-10,Kerala,Thiruvananthapuram,"PRS Hospital, Thiruvanathapuram",Kerala State Pollution Control Board,Sensitive Area,6.5,24.72,48.33,57
419,27-11-10,Kerala,Thiruvananthapuram,"PRS Hospital, Thiruvanathapuram",Kerala State Pollution Control Board,Sensitive Area,6.13,24.72,45.33,54
419,29-11-10,Kerala,Thiruvananthapuram,"PRS Hospital, Thiruvanathapuram",Kerala State Pollution Control Board,Sensitive Area,7.43,31.5,52.33,61
419,12/3/2010,Kerala,Thiruvananthapuram,"PRS Hospital, Thiruvanathapuram",Kerala State Pollution Control Board,Sensitive Area,6.87,26.09,46.67,54.66666667
419,12/7/2010,Kerala,Thiruvananthapuram,"PRS Hospital, Thiruvanathapuram",Kerala State Pollution Control Board,Sensitive Area,6.72,27.45,47.33,56
419,15-12-10,Kerala,Thiruvananthapuram,"PRS Hospital, Thiruvanathapuram",Kerala State Pollution Control Board,Sensitive Area,6.48,23.72,46.67,56
419,19-12-10,Kerala,Thiruvananthapuram,"PRS Hospital, Thiruvanathapuram",Kerala State Pollution Control Board,Sensitive Area,6.22,26.05,52,60.66666667
419,23-12-10,Kerala,Thiruvananthapuram,"PRS Hospital, Thiruvanathapuram",Kerala State Pollution Control Board,Sensitive Area,6.77,27.11,58.67,68.66666667
419,26-12-10,Kerala,Thiruvananthapuram,"PRS Hospital, Thiruvanathapuram",Kerala State Pollution Control Board,Sensitive Area,6.62,26.13,58,68
419,28-12-10,Kerala,Thiruvananthapuram,"PRS Hospital, Thiruvanathapuram",Kerala State Pollution Control Board,Sensitive Area,6.4,28.13,54.67,64
419,31-12-10,Kerala,Thiruvananthapuram,"PRS Hospital, Thiruvanathapuram",Kerala State Pollution Control Board,Sensitive Area,7.27,29.47,59.33,69.33333333
181,1/7/2010,Kerala,Thiruvananthapuram,"SMV School, Thiruvananthapuram",Kerala State Pollution Control Board,"Residential, Rural and other Areas",6.9,30.7,67.33,76
181,16-01-10,Kerala,Thiruvananthapuram,"SMV School, Thiruvananthapuram",Kerala State Pollution Control Board,"Residential, Rural and other Areas",6.68,29.42,69,77.66666667
181,17-01-10,Kerala,Thiruvananthapuram,"SMV School, Thiruvananthapuram",Kerala State Pollution Control Board,"Residential, Rural and other Areas",6.2,30.45,79,87.66666667
181,19-01-10,Kerala,Thiruvananthapuram,"SMV School, Thiruvananthapuram",Kerala State Pollution Control Board,"Residential, Rural and other Areas",6.78,28,64.67,74
181,21-01-10,Kerala,Thiruvananthapuram,"SMV School, Thiruvananthapuram",Kerala State Pollution Control Board,"Residential, Rural and other Areas",6.72,27.37,66,74
181,22-01-10,Kerala,Thiruvananthapuram,"SMV School, Thiruvananthapuram",Kerala State Pollution Control Board,"Residential, Rural and other Areas",6.73,29.97,57,65
181,25-01-10,Kerala,Thiruvananthapuram,"SMV School, Thiruvananthapuram",Kerala State Pollution Control Board,"Residential, Rural and other Areas",6.62,30.63,59,67.66666667
181,27-01-10,Kerala,Thiruvananthapuram,"SMV School, Thiruvananthapuram",Kerala State Pollution Control Board,"Residential, Rural and other Areas",7.17,29.42,62.33,71
181,28-01-10,Kerala,Thiruvananthapuram,"SMV School, Thiruvananthapuram",Kerala State Pollution Control Board,"Residential, Rural and other Areas",6.77,29.42,57.67,67.66666667
181,31-01-10,Kerala,Thiruvananthapuram,"SMV School, Thiruvananthapuram",Kerala State Pollution Control Board,"Residential, Rural and other Areas",7.32,34.22,74.67,83.33333333
181,2/1/2010,Kerala,Thiruvananthapuram,"SMV School, Thiruvananthapuram",Kerala State Pollution Control Board,"Residential, Rural and other Areas",7.57,29.4,50,59.33333333
181,2/5/2010,Kerala,Thiruvananthapuram,"SMV School, Thiruvananthapuram",Kerala State Pollution Control Board,"Residential, Rural and other Areas",7.05,29.62,50.67,58.33333333
181,2/6/2010,Kerala,Thiruvananthapuram,"SMV School, Thiruvananthapuram",Kerala State Pollution Control Board,"Residential, Rural and other Areas",7.32,31.58,56.33,65.66666667
181,2/10/2010,Kerala,Thiruvananthapuram,"SMV School, Thiruvananthapuram",Kerala State Pollution Control Board,"Residential, Rural and other Areas",7.22,29.45,60.33,69.66666667
181,17-02-10,Kerala,Thiruvananthapuram,"SMV School, Thiruvananthapuram",Kerala State Pollution Control Board,"Residential, Rural and other Areas",6.85,26.57,64.33,73.66666667
181,20-02-10,Kerala,Thiruvananthapuram,"SMV School, Thiruvananthapuram",Kerala State Pollution Control Board,"Residential, Rural and other Areas",7.17,29.43,54.67,62
181,22-02-10,Kerala,Thiruvananthapuram,"SMV School, Thiruvananthapuram",Kerala State Pollution Control Board,"Residential, Rural and other Areas",6.85,28.93,59,69
181,25-02-10,Kerala,Thiruvananthapuram,"SMV School, Thiruvananthapuram",Kerala State Pollution Control Board,"Residential, Rural and other Areas",7.33,30,61.67,71.33333333
181,27-02-10,Kerala,Thiruvananthapuram,"SMV School, Thiruvananthapuram",Kerala State Pollution Control Board,"Residential, Rural and other Areas",6.62,28.02,57,65.33333333
181,28-02-10,Kerala,Thiruvananthapuram,"SMV School, Thiruvananthapuram",Kerala State Pollution Control Board,"Residential, Rural and other Areas",25.4,50.1,273.67,305
181,3/2/2010,Kerala,Thiruvananthapuram,"SMV School, Thiruvananthapuram",Kerala State Pollution Control Board,"Residential, Rural and other Areas",8.32,33.38,61.08,76
181,3/6/2010,Kerala,Thiruvananthapuram,"SMV School, Thiruvananthapuram",Kerala State Pollution Control Board,"Residential, Rural and other Areas",7.42,31.63,57,67.66666667
181,3/10/2010,Kerala,Thiruvananthapuram,"SMV School, Thiruvananthapuram",Kerala State Pollution Control Board,"Residential, Rural and other Areas",6.65,29.92,53.92,65.66666667
181,15-03-10,Kerala,Thiruvananthapuram,"SMV School, Thiruvananthapuram",Kerala State Pollution Control Board,"Residential, Rural and other Areas",7.95,33.75,62.33,76
181,19-03-10,Kerala,Thiruvananthapuram,"SMV School, Thiruvananthapuram",Kerala State Pollution Control Board,"Residential, Rural and other Areas",8.18,33.65,60.5,74
181,23-03-10,Kerala,Thiruvananthapuram,"SMV School, Thiruvananthapuram",Kerala State Pollution Control Board,"Residential, Rural and other Areas",7.98,30.37,64.33,76.66666667
181,27-03-10,Kerala,Thiruvananthapuram,"SMV School, Thiruvananthapuram",Kerala State Pollution Control Board,"Residential, Rural and other Areas",6.22,25.32,47.33,55.33333333
181,30-03-10,Kerala,Thiruvananthapuram,"SMV School, Thiruvananthapuram",Kerala State Pollution Control Board,"Residential, Rural and other Areas",6.43,23.77,43.33,52
181,31-03-10,Kerala,Thiruvananthapuram,"SMV School, Thiruvananthapuram",Kerala State Pollution Control Board,"Residential, Rural and other Areas",6.23,25.98,47.33,56.66666667
181,4/1/2010,Kerala,Thiruvananthapuram,"SMV School, Thiruvananthapuram",Kerala State Pollution Control Board,"Residential, Rural and other Areas",6.58,30.68,56,65.33333333
181,4/5/2010,Kerala,Thiruvananthapuram,"SMV School, Thiruvananthapuram",Kerala State Pollution Control Board,"Residential, Rural and other Areas",6.12,27.23,62,70.66666667
181,4/9/2010,Kerala,Thiruvananthapuram,"SMV School, Thiruvananthapuram",Kerala State Pollution Control Board,"Residential, Rural and other Areas",7.17,28.07,59,69.66666667
181,4/12/2010,Kerala,Thiruvananthapuram,"SMV School, Thiruvananthapuram",Kerala State Pollution Control Board,"Residential, Rural and other Areas",6.35,26.2,51.33,60
181,19-04-10,Kerala,Thiruvananthapuram,"SMV School, Thiruvananthapuram",Kerala State Pollution Control Board,"Residential, Rural and other Areas",7.38,33.27,70.33,80.33333333
181,20-04-10,Kerala,Thiruvananthapuram,"SMV School, Thiruvananthapuram",Kerala State Pollution Control Board,"Residential, Rural and other Areas",6.88,32.43,60.33,69
181,22-04-10,Kerala,Thiruvananthapuram,"SMV School, Thiruvananthapuram",Kerala State Pollution Control Board,"Residential, Rural and other Areas",7.73,34.18,62.33,71
181,26-04-10,Kerala,Thiruvananthapuram,"SMV School, Thiruvananthapuram",Kerala State Pollution Control Board,"Residential, Rural and other Areas",6.42,34.37,44.33,53
181,30-04-10,Kerala,Thiruvananthapuram,"SMV School, Thiruvananthapuram",Kerala State Pollution Control Board,"Residential, Rural and other Areas",6.6,29.93,53,62.33333333
181,5/3/2010,Kerala,Thiruvananthapuram,"SMV School, Thiruvananthapuram",Kerala State Pollution Control Board,"Residential, Rural and other Areas",6.48,26.43,46.67,55.33333333
181,5/7/2010,Kerala,Thiruvananthapuram,"SMV School, Thiruvananthapuram",Kerala State Pollution Control Board,"Residential, Rural and other Areas",6.05,27.93,53.33,62
181,5/10/2010,Kerala,Thiruvananthapuram,"SMV School, Thiruvananthapuram",Kerala State Pollution Control Board,"Residential, Rural and other Areas",5.58,22.73,46,56.66666667
181,5/12/2010,Kerala,Thiruvananthapuram,"SMV School, Thiruvananthapuram",Kerala State Pollution Control Board,"Residential, Rural and other Areas",6.47,30.18,53.33,63.33333333
181,18-05-10,Kerala,Thiruvananthapuram,"SMV School, Thiruvananthapuram",Kerala State Pollution Control Board,"Residential, Rural and other Areas",6.08,21.05,47.33,55.33333333
181,22-05-10,Kerala,Thiruvananthapuram,"SMV School, Thiruvananthapuram",Kerala State Pollution Control Board,"Residential, Rural and other Areas",5.67,24.08,43.33,50.66666667
181,24-05-10,Kerala,Thiruvananthapuram,"SMV School, Thiruvananthapuram",Kerala State Pollution Control Board,"Residential, Rural and other Areas",5.25,18.2,38,46
181,31-05-10,Kerala,Thiruvananthapuram,"SMV School, Thiruvananthapuram",Kerala State Pollution Control Board,"Residential, Rural and other Areas",6.32,25.43,50,58.66666667
181,6/2/2010,Kerala,Thiruvananthapuram,"SMV School, Thiruvananthapuram",Kerala State Pollution Control Board,"Residential, Rural and other Areas",5.73,22.38,47,54
181,6/7/2010,Kerala,Thiruvananthapuram,"SMV School, Thiruvananthapuram",Kerala State Pollution Control Board,"Residential, Rural and other Areas",5.98,22,48.67,56.66666667
181,6/9/2010,Kerala,Thiruvananthapuram,"SMV School, Thiruvananthapuram",Kerala State Pollution Control Board,"Residential, Rural and other Areas",6.42,23.65,42.67,49.66666667
181,6/11/2010,Kerala,Thiruvananthapuram,"SMV School, Thiruvananthapuram",Kerala State Pollution Control Board,"Residential, Rural and other Areas",5.62,24.75,46,54
181,14-06-10,Kerala,Thiruvananthapuram,"SMV School, Thiruvananthapuram",Kerala State Pollution Control Board,"Residential, Rural and other Areas",7.23,27.98,60,68.66666667
181,17-06-10,Kerala,Thiruvananthapuram,"SMV School, Thiruvananthapuram",Kerala State Pollution Control Board,"Residential, Rural and other Areas",5.9,26.52,48,56
181,21-06-10,Kerala,Thiruvananthapuram,"SMV School, Thiruvananthapuram",Kerala State Pollution Control Board,"Residential, Rural and other Areas",6.68,25.23,47.33,55.33333333
181,25-06-10,Kerala,Thiruvananthapuram,"SMV School, Thiruvananthapuram",Kerala State Pollution Control Board,"Residential, Rural and other Areas",5.75,23.83,46,53
181,30-06-10,Kerala,Thiruvananthapuram,"SMV School, Thiruvananthapuram",Kerala State Pollution Control Board,"Residential, Rural and other Areas",6.75,26.42,48,56.66666667
181,7/6/2010,Kerala,Thiruvananthapuram,"SMV School, Thiruvananthapuram",Kerala State Pollution Control Board,"Residential, Rural and other Areas",6.35,24.5,50.67,60.33333333
181,7/8/2010,Kerala,Thiruvananthapuram,"SMV School, Thiruvananthapuram",Kerala State Pollution Control Board,"Residential, Rural and other Areas",6.62,24.82,47,55.66666667
181,7/12/2010,Kerala,Thiruvananthapuram,"SMV School, Thiruvananthapuram",Kerala State Pollution Control Board,"Residential, Rural and other Areas",6.48,25.22,46,55
181,16-07-10,Kerala,Thiruvananthapuram,"SMV School, Thiruvananthapuram",Kerala State Pollution Control Board,"Residential, Rural and other Areas",5.8,19.62,33.33,39.66666667
181,20-07-10,Kerala,Thiruvananthapuram,"SMV School, Thiruvananthapuram",Kerala State Pollution Control Board,"Residential, Rural and other Areas",5.25,18.25,32.67,38.66666667
181,22-07-10,Kerala,Thiruvananthapuram,"SMV School, Thiruvananthapuram",Kerala State Pollution Control Board,"Residential, Rural and other Areas",6.12,18.78,41.33,48.33333333
181,24-07-10,Kerala,Thiruvananthapuram,"SMV School, Thiruvananthapuram",Kerala State Pollution Control Board,"Residential, Rural and other Areas",6.82,25.78,45.33,54
181,26-07-10,Kerala,Thiruvananthapuram,"SMV School, Thiruvananthapuram",Kerala State Pollution Control Board,"Residential, Rural and other Areas",6.53,26.07,48.67,56.66666667
181,30-07-10,Kerala,Thiruvananthapuram,"SMV School, Thiruvananthapuram",Kerala State Pollution Control Board,"Residential, Rural and other Areas",6.17,25.72,53.33,61.33333333
181,8/3/2010,Kerala,Thiruvananthapuram,"SMV School, Thiruvananthapuram",Kerala State Pollution Control Board,"Residential, Rural and other Areas",7.25,27.23,47.33,56.66666667
181,8/7/2010,Kerala,Thiruvananthapuram,"SMV School, Thiruvananthapuram",Kerala State Pollution Control Board,"Residential, Rural and other Areas",6.5,26.87,52,61.33333333
181,8/12/2010,Kerala,Thiruvananthapuram,"SMV School, Thiruvananthapuram",Kerala State Pollution Control Board,"Residential, Rural and other Areas",5.22,16.4,34,41
181,17-08-10,Kerala,Thiruvananthapuram,"SMV School, Thiruvananthapuram",Kerala State Pollution Control Board,"Residential, Rural and other Areas",6.28,24.05,43.67,51.66666667
181,19-08-10,Kerala,Thiruvananthapuram,"SMV School, Thiruvananthapuram",Kerala State Pollution Control Board,"Residential, Rural and other Areas",6.02,23.9,46.67,56
181,21-08-10,Kerala,Thiruvananthapuram,"SMV School, Thiruvananthapuram",Kerala State Pollution Control Board,"Residential, Rural and other Areas",7.57,27,48.67,58
181,26-08-10,Kerala,Thiruvananthapuram,"SMV School, Thiruvananthapuram",Kerala State Pollution Control Board,"Residential, Rural and other Areas",5.47,24.82,36,44
181,30-08-10,Kerala,Thiruvananthapuram,"SMV School, Thiruvananthapuram",Kerala State Pollution Control Board,"Residential, Rural and other Areas",6.2,26.35,45.33,54
181,9/4/2010,Kerala,Thiruvananthapuram,"SMV School, Thiruvananthapuram",Kerala State Pollution Control Board,"Residential, Rural and other Areas",6.83,28.7,57,65.66666667
181,9/6/2010,Kerala,Thiruvananthapuram,"SMV School, Thiruvananthapuram",Kerala State Pollution Control Board,"Residential, Rural and other Areas",6.4,28.4,60.33,69
181,9/9/2010,Kerala,Thiruvananthapuram,"SMV School, Thiruvananthapuram",Kerala State Pollution Control Board,"Residential, Rural and other Areas",6.83,28.77,52.67,61.33333333
181,13-09-10,Kerala,Thiruvananthapuram,"SMV School, Thiruvananthapuram",Kerala State Pollution Control Board,"Residential, Rural and other Areas",6.85,26.25,51.33,60
181,17-09-10,Kerala,Thiruvananthapuram,"SMV School, Thiruvananthapuram",Kerala State Pollution Control Board,"Residential, Rural and other Areas",6.4,27.57,51,59
181,20-09-10,Kerala,Thiruvananthapuram,"SMV School, Thiruvananthapuram",Kerala State Pollution Control Board,"Residential, Rural and other Areas",5.87,26.35,49,57.66666667
181,24-09-10,Kerala,Thiruvananthapuram,"SMV School, Thiruvananthapuram",Kerala State Pollution Control Board,"Residential, Rural and other Areas",5.8,25.7,47.33,55
181,27-09-10,Kerala,Thiruvananthapuram,"SMV School, Thiruvananthapuram",Kerala State Pollution Control Board,"Residential, Rural and other Areas",6.52,26.07,45.33,53
181,30-09-10,Kerala,Thiruvananthapuram,"SMV School, Thiruvananthapuram",Kerala State Pollution Control Board,"Residential, Rural and other Areas",5.95,27.28,52.67,61.33333333
181,10/5/2010,Kerala,Thiruvananthapuram,"SMV School, Thiruvananthapuram",Kerala State Pollution Control Board,"Residential, Rural and other Areas",6.38,21.14,45.33,59.66666667
181,10/7/2010,Kerala,Thiruvananthapuram,"SMV School, Thiruvananthapuram",Kerala State Pollution Control Board,"Residential, Rural and other Areas",6.7,22,47,55.66666667
181,13-10-10,Kerala,Thiruvananthapuram,"SMV School, Thiruvananthapuram",Kerala State Pollution Control Board,"Residential, Rural and other Areas",6.53,23.87,63,71.66666667
181,16-10-10,Kerala,Thiruvananthapuram,"SMV School, Thiruvananthapuram",Kerala State Pollution Control Board,"Residential, Rural and other Areas",6.32,25.97,61,69.66666667
181,20-10-10,Kerala,Thiruvananthapuram,"SMV School, Thiruvananthapuram",Kerala State Pollution Control Board,"Residential, Rural and other Areas",6.77,25.79,59.33,68
181,22-10-10,Kerala,Thiruvananthapuram,"SMV School, Thiruvananthapuram",Kerala State Pollution Control Board,"Residential, Rural and other Areas",6.31,24,60,68.66666667
181,25-10-10,Kerala,Thiruvananthapuram,"SMV School, Thiruvananthapuram",Kerala State Pollution Control Board,"Residential, Rural and other Areas",7.23,27.53,62.33,71
181,27-10-10,Kerala,Thiruvananthapuram,"SMV School, Thiruvananthapuram",Kerala State Pollution Control Board,"Residential, Rural and other Areas",6.95,26.08,56.67,65.33333333
181,29-10-10,Kerala,Thiruvananthapuram,"SMV School, Thiruvananthapuram",Kerala State Pollution Control Board,"Residential, Rural and other Areas",6.8,23.73,64.67,73.33333333
181,11/3/2010,Kerala,Thiruvananthapuram,"SMV School, Thiruvananthapuram",Kerala State Pollution Control Board,"Residential, Rural and other Areas",6.87,27.73,49,57
181,11/5/2010,Kerala,Thiruvananthapuram,"SMV School, Thiruvananthapuram",Kerala State Pollution Control Board,"Residential, Rural and other Areas",6.23,26.67,48.67,57
181,11/7/2010,Kerala,Thiruvananthapuram,"SMV School, Thiruvananthapuram",Kerala State Pollution Control Board,"Residential, Rural and other Areas",7.04,26.73,48,56
181,11/10/2010,Kerala,Thiruvananthapuram,"SMV School, Thiruvananthapuram",Kerala State Pollution Control Board,"Residential, Rural and other Areas",7.27,26.81,44,52
181,11/12/2010,Kerala,Thiruvananthapuram,"SMV School, Thiruvananthapuram",Kerala State Pollution Control Board,"Residential, Rural and other Areas",6.44,24.72,46,54
181,15-11-10,Kerala,Thiruvananthapuram,"SMV School, Thiruvananthapuram",Kerala State Pollution Control Board,"Residential, Rural and other Areas",6.13,28.06,45,53.66666667
181,24-11-10,Kerala,Thiruvananthapuram,"SMV School, Thiruvananthapuram",Kerala State Pollution Control Board,"Residential, Rural and other Areas",6.51,26.29,48.67,57.33333333
181,27-11-10,Kerala,Thiruvananthapuram,"SMV School, Thiruvananthapuram",Kerala State Pollution Control Board,"Residential, Rural and other Areas",6,26.14,45.33,54.66666667
181,29-11-10,Kerala,Thiruvananthapuram,"SMV School, Thiruvananthapuram",Kerala State Pollution Control Board,"Residential, Rural and other Areas",6.22,23.86,42.67,50.66666667
181,12/2/2010,Kerala,Thiruvananthapuram,"SMV School, Thiruvananthapuram",Kerala State Pollution Control Board,"Residential, Rural and other Areas",6.58,28.58,52,60.66666667
181,12/6/2010,Kerala,Thiruvananthapuram,"SMV School, Thiruvananthapuram",Kerala State Pollution Control Board,"Residential, Rural and other Areas",5.95,31.67,53,62.33333333
181,12/10/2010,Kerala,Thiruvananthapuram,"SMV School, Thiruvananthapuram",Kerala State Pollution Control Board,"Residential, Rural and other Areas",6.78,27.42,59.67,69
181,14-12-10,Kerala,Thiruvananthapuram,"SMV School, Thiruvananthapuram",Kerala State Pollution Control Board,"Residential, Rural and other Areas",6.2,26.53,51,59.66666667
181,18-12-10,Kerala,Thiruvananthapuram,"SMV School, Thiruvananthapuram",Kerala State Pollution Control Board,"Residential, Rural and other Areas",6.83,28.43,59,69
181,22-12-10,Kerala,Thiruvananthapuram,"SMV School, Thiruvananthapuram",Kerala State Pollution Control Board,"Residential, Rural and other Areas",6.52,26.7,64.33,74.33333333
181,27-12-10,Kerala,Thiruvananthapuram,"SMV School, Thiruvananthapuram",Kerala State Pollution Control Board,"Residential, Rural and other Areas",6.48,28.38,70.67,83.33333333
181,30-12-10,Kerala,Thiruvananthapuram,"SMV School, Thiruvananthapuram",Kerala State Pollution Control Board,"Residential, Rural and other Areas",5.92,28.07,74.67,84
181,31-12-10,Kerala,Thiruvananthapuram,"SMV School, Thiruvananthapuram",Kerala State Pollution Control Board,"Residential, Rural and other Areas",6.8,30.07,82.67,92.66666667
357,1/4/2010,Kerala,Thiruvananthapuram,"HiTech Chackai, Thiruvananthapuram",Kerala State Pollution Control Board,Industrial Area,18.1,20.62,86.33,96.33333333
357,1/6/2010,Kerala,Thiruvananthapuram,"HiTech Chackai, Thiruvananthapuram",Kerala State Pollution Control Board,Industrial Area,17.38,18.08,76.33,85.66666667
357,18-01-10,Kerala,Thiruvananthapuram,"HiTech Chackai, Thiruvananthapuram",Kerala State Pollution Control Board,Industrial Area,19.53,20.57,82.33,92.33333333
357,19-01-10,Kerala,Thiruvananthapuram,"HiTech Chackai, Thiruvananthapuram",Kerala State Pollution Control Board,Industrial Area,18.33,19.95,75,83.66666667
357,21-01-10,Kerala,Thiruvananthapuram,"HiTech Chackai, Thiruvananthapuram",Kerala State Pollution Control Board,Industrial Area,17.88,18.97,66.33,76.33333333
357,25-01-10,Kerala,Thiruvananthapuram,"HiTech Chackai, Thiruvananthapuram",Kerala State Pollution Control Board,Industrial Area,21.8,22.48,81,90.33333333
357,28-01-10,Kerala,Thiruvananthapuram,"HiTech Chackai, Thiruvananthapuram",Kerala State Pollution Control Board,Industrial Area,19.07,21.55,78.67,88
357,30-01-10,Kerala,Thiruvananthapuram,"HiTech Chackai, Thiruvananthapuram",Kerala State Pollution Control Board,Industrial Area,18.58,20.95,68.67,78.66666667
357,2/3/2010,Kerala,Thiruvananthapuram,"HiTech Chackai, Thiruvananthapuram",Kerala State Pollution Control Board,Industrial Area,18.6,19.13,82.67,92.66666667
357,2/6/2010,Kerala,Thiruvananthapuram,"HiTech Chackai, Thiruvananthapuram",Kerala State Pollution Control Board,Industrial Area,17.98,18.55,74.33,84.33333333
357,2/8/2010,Kerala,Thiruvananthapuram,"HiTech Chackai, Thiruvananthapuram",Kerala State Pollution Control Board,Industrial Area,16.88,17.35,65.67,75.66666667
357,2/11/2010,Kerala,Thiruvananthapuram,"HiTech Chackai, Thiruvananthapuram",Kerala State Pollution Control Board,Industrial Area,18.72,19.92,75.67,85.66666667
357,17-02-10,Kerala,Thiruvananthapuram,"HiTech Chackai, Thiruvananthapuram",Kerala State Pollution Control Board,Industrial Area,19.55,20.53,75,85
357,18-02-10,Kerala,Thiruvananthapuram,"HiTech Chackai, Thiruvananthapuram",Kerala State Pollution Control Board,Industrial Area,20.95,20.02,97.33,106.6666667
357,23-02-10,Kerala,Thiruvananthapuram,"HiTech Chackai, Thiruvananthapuram",Kerala State Pollution Control Board,Industrial Area,17.22,18.57,68,78
357,24-02-10,Kerala,Thiruvananthapuram,"HiTech Chackai, Thiruvananthapuram",Kerala State Pollution Control Board,Industrial Area,14.68,19.02,74.67,84
357,26-02-10,Kerala,Thiruvananthapuram,"HiTech Chackai, Thiruvananthapuram",Kerala State Pollution Control Board,Industrial Area,19.9,21.15,73.33,82.66666667
357,3/3/2010,Kerala,Thiruvananthapuram,"HiTech Chackai, Thiruvananthapuram",Kerala State Pollution Control Board,Industrial Area,14.47,15.4,82.67,92
357,3/7/2010,Kerala,Thiruvananthapuram,"HiTech Chackai, Thiruvananthapuram",Kerala State Pollution Control Board,Industrial Area,16.53,16.37,88.33,97
357,3/11/2010,Kerala,Thiruvananthapuram,"HiTech Chackai, Thiruvananthapuram",Kerala State Pollution Control Board,Industrial Area,16.07,15.87,92.33,106.3333333
357,15-03-10,Kerala,Thiruvananthapuram,"HiTech Chackai, Thiruvananthapuram",Kerala State Pollution Control Board,Industrial Area,13.52,20.9,67,76.66666667
357,16-03-10,Kerala,Thiruvananthapuram,"HiTech Chackai, Thiruvananthapuram",Kerala State Pollution Control Board,Industrial Area,15.97,16.85,67,78
357,19-03-10,Kerala,Thiruvananthapuram,"HiTech Chackai, Thiruvananthapuram",Kerala State Pollution Control Board,Industrial Area,19.97,21.37,75,85.66666667
357,23-03-10,Kerala,Thiruvananthapuram,"HiTech Chackai, Thiruvananthapuram",Kerala State Pollution Control Board,Industrial Area,16.77,17.23,79.33,88.66666667
357,27-03-10,Kerala,Thiruvananthapuram,"HiTech Chackai, Thiruvananthapuram",Kerala State Pollution Control Board,Industrial Area,14.75,17.12,64.33,73.66666667
357,31-03-10,Kerala,Thiruvananthapuram,"HiTech Chackai, Thiruvananthapuram",Kerala State Pollution Control Board,Industrial Area,14.53,17.03,72.67,81.33333333
357,4/4/2010,Kerala,Thiruvananthapuram,"HiTech Chackai, Thiruvananthapuram",Kerala State Pollution Control Board,Industrial Area,16.9,18.4,79.67,89
357,4/8/2010,Kerala,Thiruvananthapuram,"HiTech Chackai, Thiruvananthapuram",Kerala State Pollution Control Board,Industrial Area,15.27,17.27,69,77.66666667
357,13-04-10,Kerala,Thiruvananthapuram,"HiTech Chackai, Thiruvananthapuram",Kerala State Pollution Control Board,Industrial Area,15.85,15.67,85,94.33333333
357,15-04-10,Kerala,Thiruvananthapuram,"HiTech Chackai, Thiruvananthapuram",Kerala State Pollution Control Board,Industrial Area,17.28,16.75,71.67,82.33333333
357,18-04-10,Kerala,Thiruvananthapuram,"HiTech Chackai, Thiruvananthapuram",Kerala State Pollution Control Board,Industrial Area,14.57,16.15,85.33,95.33333333
357,21-04-10,Kerala,Thiruvananthapuram,"HiTech Chackai, Thiruvananthapuram",Kerala State Pollution Control Board,Industrial Area,20.93,20.32,77.67,87.66666667
357,24-04-10,Kerala,Thiruvananthapuram,"HiTech Chackai, Thiruvananthapuram",Kerala State Pollution Control Board,Industrial Area,20.37,18.63,69.33,78.66666667
357,26-04-10,Kerala,Thiruvananthapuram,"HiTech Chackai, Thiruvananthapuram",Kerala State Pollution Control Board,Industrial Area,19.4,19.03,71.67,81.66666667
357,29-04-10,Kerala,Thiruvananthapuram,"HiTech Chackai, Thiruvananthapuram",Kerala State Pollution Control Board,Industrial Area,17.21,18.22,72,86.33333333
357,5/1/2010,Kerala,Thiruvananthapuram,"HiTech Chackai, Thiruvananthapuram",Kerala State Pollution Control Board,Industrial Area,14.03,18.23,81.33,91.33333333
357,5/3/2010,Kerala,Thiruvananthapuram,"HiTech Chackai, Thiruvananthapuram",Kerala State Pollution Control Board,Industrial Area,22.85,21.02,74,84
357,5/4/2010,Kerala,Thiruvananthapuram,"HiTech Chackai, Thiruvananthapuram",Kerala State Pollution Control Board,Industrial Area,20.25,20.28,98,110
357,5/8/2010,Kerala,Thiruvananthapuram,"HiTech Chackai, Thiruvananthapuram",Kerala State Pollution Control Board,Industrial Area,23.48,23.25,87.33,97.33333333
357,13-05-10,Kerala,Thiruvananthapuram,"HiTech Chackai, Thiruvananthapuram",Kerala State Pollution Control Board,Industrial Area,21.48,20.77,93.33,103.6666667
357,19-05-10,Kerala,Thiruvananthapuram,"HiTech Chackai, Thiruvananthapuram",Kerala State Pollution Control Board,Industrial Area,14.9,17.3,57,65
357,22-05-10,Kerala,Thiruvananthapuram,"HiTech Chackai, Thiruvananthapuram",Kerala State Pollution Control Board,Industrial Area,17.15,17.3,52,60
357,26-05-10,Kerala,Thiruvananthapuram,"HiTech Chackai, Thiruvananthapuram",Kerala State Pollution Control Board,Industrial Area,10.97,14.75,36,42.66666667
357,29-05-10,Kerala,Thiruvananthapuram,"HiTech Chackai, Thiruvananthapuram",Kerala State Pollution Control Board,Industrial Area,16.07,15.92,39,49
357,6/1/2010,Kerala,Thiruvananthapuram,"HiTech Chackai, Thiruvananthapuram",Kerala State Pollution Control Board,Industrial Area,12.25,17.07,67.33,74
357,6/4/2010,Kerala,Thiruvananthapuram,"HiTech Chackai, Thiruvananthapuram",Kerala State Pollution Control Board,Industrial Area,19.45,20.15,69.33,76.66666667
357,6/8/2010,Kerala,Thiruvananthapuram,"HiTech Chackai, Thiruvananthapuram",Kerala State Pollution Control Board,Industrial Area,14.75,16.13,56,63
357,6/12/2010,Kerala,Thiruvananthapuram,"HiTech Chackai, Thiruvananthapuram",Kerala State Pollution Control Board,Industrial Area,6.27,13.18,53.33,60.33333333
357,16-06-10,Kerala,Thiruvananthapuram,"HiTech Chackai, Thiruvananthapuram",Kerala State Pollution Control Board,Industrial Area,15.62,18.1,68,78
357,18-06-10,Kerala,Thiruvananthapuram,"HiTech Chackai, Thiruvananthapuram",Kerala State Pollution Control Board,Industrial Area,12.78,18.05,66.67,75.66666667
357,20-06-10,Kerala,Thiruvananthapuram,"HiTech Chackai, Thiruvananthapuram",Kerala State Pollution Control Board,Industrial Area,14.03,16.44,60.33,68.33333333
357,24-06-10,Kerala,Thiruvananthapuram,"HiTech Chackai, Thiruvananthapuram",Kerala State Pollution Control Board,Industrial Area,9.23,16.77,65.67,75
357,27-06-10,Kerala,Thiruvananthapuram,"HiTech Chackai, Thiruvananthapuram",Kerala State Pollution Control Board,Industrial Area,12.6,17.23,50.67,58
357,7/2/2010,Kerala,Thiruvananthapuram,"HiTech Chackai, Thiruvananthapuram",Kerala State Pollution Control Board,Industrial Area,10.72,17.62,64.33,74.33333333
357,7/5/2010,Kerala,Thiruvananthapuram,"HiTech Chackai, Thiruvananthapuram",Kerala State Pollution Control Board,Industrial Area,19.3,19.13,64.67,73.33333333
357,7/8/2010,Kerala,Thiruvananthapuram,"HiTech Chackai, Thiruvananthapuram",Kerala State Pollution Control Board,Industrial Area,16.07,19.02,52,62.33333333
357,7/12/2010,Kerala,Thiruvananthapuram,"HiTech Chackai, Thiruvananthapuram",Kerala State Pollution Control Board,Industrial Area,16.98,17.08,56,64.66666667
357,17-07-10,Kerala,Thiruvananthapuram,"HiTech Chackai, Thiruvananthapuram",Kerala State Pollution Control Board,Industrial Area,14.82,15.57,42.67,50
357,21-07-10,Kerala,Thiruvananthapuram,"HiTech Chackai, Thiruvananthapuram",Kerala State Pollution Control Board,Industrial Area,6.95,14.07,42.67,50.66666667
357,23-07-10,Kerala,Thiruvananthapuram,"HiTech Chackai, Thiruvananthapuram",Kerala State Pollution Control Board,Industrial Area,6.62,14.47,39.33,46.33333333
357,27-07-10,Kerala,Thiruvananthapuram,"HiTech Chackai, Thiruvananthapuram",Kerala State Pollution Control Board,Industrial Area,7.05,15.05,45.67,53
357,30-07-10,Kerala,Thiruvananthapuram,"HiTech Chackai, Thiruvananthapuram",Kerala State Pollution Control Board,Industrial Area,7.27,20.03,48,56
357,8/4/2010,Kerala,Thiruvananthapuram,"HiTech Chackai, Thiruvananthapuram",Kerala State Pollution Control Board,Industrial Area,14.63,17.35,52.33,61.66666667
357,8/9/2010,Kerala,Thiruvananthapuram,"HiTech Chackai, Thiruvananthapuram",Kerala State Pollution Control Board,Industrial Area,14.13,15.72,46.67,55.66666667
357,13-08-10,Kerala,Thiruvananthapuram,"HiTech Chackai, Thiruvananthapuram",Kerala State Pollution Control Board,Industrial Area,14.28,17.3,62,71.33333333
357,18-08-10,Kerala,Thiruvananthapuram,"HiTech Chackai, Thiruvananthapuram",Kerala State Pollution Control Board,Industrial Area,15.05,17.23,55,64.33333333
357,22-08-10,Kerala,Thiruvananthapuram,"HiTech Chackai, Thiruvananthapuram",Kerala State Pollution Control Board,Industrial Area,15.2,16.72,63,72.33333333
357,24-08-10,Kerala,Thiruvananthapuram,"HiTech Chackai, Thiruvananthapuram",Kerala State Pollution Control Board,Industrial Area,16.43,16.77,64,74
357,27-08-10,Kerala,Thiruvananthapuram,"HiTech Chackai, Thiruvananthapuram",Kerala State Pollution Control Board,Industrial Area,20.7,20.57,71,81
357,31-08-10,Kerala,Thiruvananthapuram,"HiTech Chackai, Thiruvananthapuram",Kerala State Pollution Control Board,Industrial Area,18.12,20,54.67,63.66666667
357,9/4/2010,Kerala,Thiruvananthapuram,"HiTech Chackai, Thiruvananthapuram",Kerala State Pollution Control Board,Industrial Area,16.85,17.07,73.33,82
357,9/7/2010,Kerala,Thiruvananthapuram,"HiTech Chackai, Thiruvananthapuram",Kerala State Pollution Control Board,Industrial Area,16.62,16.08,68,78
357,9/9/2010,Kerala,Thiruvananthapuram,"HiTech Chackai, Thiruvananthapuram",Kerala State Pollution Control Board,Industrial Area,16.18,16.37,70.67,72.33333333
357,14-09-10,Kerala,Thiruvananthapuram,"HiTech Chackai, Thiruvananthapuram",Kerala State Pollution Control Board,Industrial Area,16.37,19.68,69.67,81.66666667
357,18-09-10,Kerala,Thiruvananthapuram,"HiTech Chackai, Thiruvananthapuram",Kerala State Pollution Control Board,Industrial Area,16.1,18.15,56.33,66.33333333
357,19-09-10,Kerala,Thiruvananthapuram,"HiTech Chackai, Thiruvananthapuram",Kerala State Pollution Control Board,Industrial Area,13.68,17.85,66.67,74.66666667
357,23-09-10,Kerala,Thiruvananthapuram,"HiTech Chackai, Thiruvananthapuram",Kerala State Pollution Control Board,Industrial Area,16.15,18.75,76.33,86.33333333
357,26-09-10,Kerala,Thiruvananthapuram,"HiTech Chackai, Thiruvananthapuram",Kerala State Pollution Control Board,Industrial Area,10.32,15.53,64,72.66666667
357,30-09-10,Kerala,Thiruvananthapuram,"HiTech Chackai, Thiruvananthapuram",Kerala State Pollution Control Board,Industrial Area,11.15,17.65,77.33,86.66666667
357,10/2/2010,Kerala,Thiruvananthapuram,"HiTech Chackai, Thiruvananthapuram",Kerala State Pollution Control Board,Industrial Area,14.77,17.39,74,82.66666667
357,10/6/2010,Kerala,Thiruvananthapuram,"HiTech Chackai, Thiruvananthapuram",Kerala State Pollution Control Board,Industrial Area,15.58,20.03,64,73.33333333
357,10/8/2010,Kerala,Thiruvananthapuram,"HiTech Chackai, Thiruvananthapuram",Kerala State Pollution Control Board,Industrial Area,17.12,18.85,70,78
357,10/12/2010,Kerala,Thiruvananthapuram,"HiTech Chackai, Thiruvananthapuram",Kerala State Pollution Control Board,Industrial Area,13.84,17.58,68,76.66666667
357,15-10-10,Kerala,Thiruvananthapuram,"HiTech Chackai, Thiruvananthapuram",Kerala State Pollution Control Board,Industrial Area,16.88,19.25,73.67,85
357,18-10-10,Kerala,Thiruvananthapuram,"HiTech Chackai, Thiruvananthapuram",Kerala State Pollution Control Board,Industrial Area,18.16,18.33,76.33,85.33333333
357,21-10-10,Kerala,Thiruvananthapuram,"HiTech Chackai, Thiruvananthapuram",Kerala State Pollution Control Board,Industrial Area,16.9,18.55,68.67,78
357,23-10-10,Kerala,Thiruvananthapuram,"HiTech Chackai, Thiruvananthapuram",Kerala State Pollution Control Board,Industrial Area,13.18,16.62,78.67,87.33333333
357,26-10-10,Kerala,Thiruvananthapuram,"HiTech Chackai, Thiruvananthapuram",Kerala State Pollution Control Board,Industrial Area,18.38,18.45,70,80.66666667
357,11/1/2010,Kerala,Thiruvananthapuram,"HiTech Chackai, Thiruvananthapuram",Kerala State Pollution Control Board,Industrial Area,10.78,16.33,51,59.66666667
357,11/5/2010,Kerala,Thiruvananthapuram,"HiTech Chackai, Thiruvananthapuram",Kerala State Pollution Control Board,Industrial Area,13.53,16.12,56.33,66.33333333
357,11/8/2010,Kerala,Thiruvananthapuram,"HiTech Chackai, Thiruvananthapuram",Kerala State Pollution Control Board,Industrial Area,9.63,16.96,49.67,58.33333333
357,13-11-10,Kerala,Thiruvananthapuram,"HiTech Chackai, Thiruvananthapuram",Kerala State Pollution Control Board,Industrial Area,14.28,17.4,57.33,66.66666667
357,16-11-10,Kerala,Thiruvananthapuram,"HiTech Chackai, Thiruvananthapuram",Kerala State Pollution Control Board,Industrial Area,15.57,18.65,65.33,74.66666667
357,19-11-10,Kerala,Thiruvananthapuram,"HiTech Chackai, Thiruvananthapuram",Kerala State Pollution Control Board,Industrial Area,14.63,17.42,56,64.66666667
357,22-11-10,Kerala,Thiruvananthapuram,"HiTech Chackai, Thiruvananthapuram",Kerala State Pollution Control Board,Industrial Area,15.5,19.17,61.67,70.33333333
357,26-11-10,Kerala,Thiruvananthapuram,"HiTech Chackai, Thiruvananthapuram",Kerala State Pollution Control Board,Industrial Area,13.53,15.93,48.33,57
357,30-11-10,Kerala,Thiruvananthapuram,"HiTech Chackai, Thiruvananthapuram",Kerala State Pollution Control Board,Industrial Area,16.2,18.93,54.67,64
357,12/1/2010,Kerala,Thiruvananthapuram,"HiTech Chackai, Thiruvananthapuram",Kerala State Pollution Control Board,Industrial Area,11.4,17.62,50,58.33333333
357,12/5/2010,Kerala,Thiruvananthapuram,"HiTech Chackai, Thiruvananthapuram",Kerala State Pollution Control Board,Industrial Area,14.08,18.02,55,65
357,12/9/2010,Kerala,Thiruvananthapuram,"HiTech Chackai, Thiruvananthapuram",Kerala State Pollution Control Board,Industrial Area,15.37,23.6,57.67,67.66666667
357,12/11/2010,Kerala,Thiruvananthapuram,"HiTech Chackai, Thiruvananthapuram",Kerala State Pollution Control Board,Industrial Area,14.3,17.28,64.67,73.33333333
357,13-12-10,Kerala,Thiruvananthapuram,"HiTech Chackai, Thiruvananthapuram",Kerala State Pollution Control Board,Industrial Area,16.3,18.6,61,69.66666667
357,17-12-10,Kerala,Thiruvananthapuram,"HiTech Chackai, Thiruvananthapuram",Kerala State Pollution Control Board,Industrial Area,18.33,18.88,68,78.66666667
357,21-12-10,Kerala,Thiruvananthapuram,"HiTech Chackai, Thiruvananthapuram",Kerala State Pollution Control Board,Industrial Area,17.83,18.15,74.67,85.33333333
357,29-12-10,Kerala,Thiruvananthapuram,"HiTech Chackai, Thiruvananthapuram",Kerala State Pollution Control Board,Industrial Area,18.88,19.58,80,90
357,31-12-10,Kerala,Thiruvananthapuram,"HiTech Chackai, Thiruvananthapuram",Kerala State Pollution Control Board,Industrial Area,18.35,20.2,77.33,88.33333333
358,14-01-10,Kerala,Thiruvananthapuram,"Sasthamangalam, Thiruvananthapuram",Kerala State Pollution Control Board,"Residential, Rural and other Areas",6.67,31.5,48,56.66666667
358,15-01-10,Kerala,Thiruvananthapuram,"Sasthamangalam, Thiruvananthapuram",Kerala State Pollution Control Board,"Residential, Rural and other Areas",6.12,26.35,52.67,60.33333333
358,18-01-10,Kerala,Thiruvananthapuram,"Sasthamangalam, Thiruvananthapuram",Kerala State Pollution Control Board,"Residential, Rural and other Areas",7.17,27.65,50.67,58.66666667
358,20-01-10,Kerala,Thiruvananthapuram,"Sasthamangalam, Thiruvananthapuram",Kerala State Pollution Control Board,"Residential, Rural and other Areas",6.8,26.78,58.33,67.66666667
358,23-01-10,Kerala,Thiruvananthapuram,"Sasthamangalam, Thiruvananthapuram",Kerala State Pollution Control Board,"Residential, Rural and other Areas",6.77,29.3,59,67.66666667
358,24-01-10,Kerala,Thiruvananthapuram,"Sasthamangalam, Thiruvananthapuram",Kerala State Pollution Control Board,"Residential, Rural and other Areas",6.98,32.2,57.33,65.33333333
358,26-01-10,Kerala,Thiruvananthapuram,"Sasthamangalam, Thiruvananthapuram",Kerala State Pollution Control Board,"Residential, Rural and other Areas",7.4,32.17,56.33,64.33333333
358,29-01-10,Kerala,Thiruvananthapuram,"Sasthamangalam, Thiruvananthapuram",Kerala State Pollution Control Board,"Residential, Rural and other Areas",6.72,31.55,47.33,56
358,30-01-10,Kerala,Thiruvananthapuram,"Sasthamangalam, Thiruvananthapuram",Kerala State Pollution Control Board,"Residential, Rural and other Areas",6.82,31.27,52,60.66666667
358,2/3/2010,Kerala,Thiruvananthapuram,"Sasthamangalam, Thiruvananthapuram",Kerala State Pollution Control Board,"Residential, Rural and other Areas",5.87,23.37,45.33,54
358,2/4/2010,Kerala,Thiruvananthapuram,"Sasthamangalam, Thiruvananthapuram",Kerala State Pollution Control Board,"Residential, Rural and other Areas",7.4,27.35,55,64.33333333
358,2/8/2010,Kerala,Thiruvananthapuram,"Sasthamangalam, Thiruvananthapuram",Kerala State Pollution Control Board,"Residential, Rural and other Areas",6.82,26.4,49.67,58.33333333
358,2/12/2010,Kerala,Thiruvananthapuram,"Sasthamangalam, Thiruvananthapuram",Kerala State Pollution Control Board,"Residential, Rural and other Areas",7.45,28.12,56.67,65.33333333
358,15-02-10,Kerala,Thiruvananthapuram,"Sasthamangalam, Thiruvananthapuram",Kerala State Pollution Control Board,"Residential, Rural and other Areas",7.23,27.85,51.33,60
358,19-02-10,Kerala,Thiruvananthapuram,"Sasthamangalam, Thiruvananthapuram",Kerala State Pollution Control Board,"Residential, Rural and other Areas",6.47,29.93,55.33,64
358,23-02-10,Kerala,Thiruvananthapuram,"Sasthamangalam, Thiruvananthapuram",Kerala State Pollution Control Board,"Residential, Rural and other Areas",5.65,26.27,45.33,53.33333333
358,24-02-10,Kerala,Thiruvananthapuram,"Sasthamangalam, Thiruvananthapuram",Kerala State Pollution Control Board,"Residential, Rural and other Areas",5.6,23.68,44.67,52.66666667
358,26-02-10,Kerala,Thiruvananthapuram,"Sasthamangalam, Thiruvananthapuram",Kerala State Pollution Control Board,"Residential, Rural and other Areas",5.77,25,78.67,54
358,28-02-10,Kerala,Thiruvananthapuram,"Sasthamangalam, Thiruvananthapuram",Kerala State Pollution Control Board,"Residential, Rural and other Areas",8.13,28.4,75,84.66666667
358,3/4/2010,Kerala,Thiruvananthapuram,"Sasthamangalam, Thiruvananthapuram",Kerala State Pollution Control Board,"Residential, Rural and other Areas",5.83,28.52,51.67,60.33333333
358,3/8/2010,Kerala,Thiruvananthapuram,"Sasthamangalam, Thiruvananthapuram",Kerala State Pollution Control Board,"Residential, Rural and other Areas",6.98,27.02,54.67,63.33333333
358,3/12/2010,Kerala,Thiruvananthapuram,"Sasthamangalam, Thiruvananthapuram",Kerala State Pollution Control Board,"Residential, Rural and other Areas",6.85,27.18,60.33,70
358,17-03-10,Kerala,Thiruvananthapuram,"Sasthamangalam, Thiruvananthapuram",Kerala State Pollution Control Board,"Residential, Rural and other Areas",6.35,26.67,58.33,67
358,20-03-10,Kerala,Thiruvananthapuram,"Sasthamangalam, Thiruvananthapuram",Kerala State Pollution Control Board,"Residential, Rural and other Areas",6.28,25.12,49.33,58.66666667
358,22-03-10,Kerala,Thiruvananthapuram,"Sasthamangalam, Thiruvananthapuram",Kerala State Pollution Control Board,"Residential, Rural and other Areas",6.83,25.5,51.33,60
358,24-03-10,Kerala,Thiruvananthapuram,"Sasthamangalam, Thiruvananthapuram",Kerala State Pollution Control Board,"Residential, Rural and other Areas",6.57,27.03,47.33,55.33333333
358,26-03-10,Kerala,Thiruvananthapuram,"Sasthamangalam, Thiruvananthapuram",Kerala State Pollution Control Board,"Residential, Rural and other Areas",6.4,23.05,43.67,51.66666667
358,29-03-10,Kerala,Thiruvananthapuram,"Sasthamangalam, Thiruvananthapuram",Kerala State Pollution Control Board,"Residential, Rural and other Areas",6.48,25.17,42.67,50.66666667
358,4/6/2010,Kerala,Thiruvananthapuram,"Sasthamangalam, Thiruvananthapuram",Kerala State Pollution Control Board,"Residential, Rural and other Areas",5.83,24.98,54,62.66666667
358,4/7/2010,Kerala,Thiruvananthapuram,"Sasthamangalam, Thiruvananthapuram",Kerala State Pollution Control Board,"Residential, Rural and other Areas",5.42,23.55,48,56.66666667
358,4/11/2010,Kerala,Thiruvananthapuram,"Sasthamangalam, Thiruvananthapuram",Kerala State Pollution Control Board,"Residential, Rural and other Areas",5.38,26.17,51,61
358,14-04-10,Kerala,Thiruvananthapuram,"Sasthamangalam, Thiruvananthapuram",Kerala State Pollution Control Board,"Residential, Rural and other Areas",6.58,25.58,44,54
358,17-04-10,Kerala,Thiruvananthapuram,"Sasthamangalam, Thiruvananthapuram",Kerala State Pollution Control Board,"Residential, Rural and other Areas",6.48,26.37,49.33,60
358,18-04-10,Kerala,Thiruvananthapuram,"Sasthamangalam, Thiruvananthapuram",Kerala State Pollution Control Board,"Residential, Rural and other Areas",6.3,25.1,50.33,60.33333333
358,21-04-10,Kerala,Thiruvananthapuram,"Sasthamangalam, Thiruvananthapuram",Kerala State Pollution Control Board,"Residential, Rural and other Areas",6.28,27.18,53.33,62
358,27-04-10,Kerala,Thiruvananthapuram,"Sasthamangalam, Thiruvananthapuram",Kerala State Pollution Control Board,"Residential, Rural and other Areas",7.03,27.45,55.67,65.33333333
358,28-04-10,Kerala,Thiruvananthapuram,"Sasthamangalam, Thiruvananthapuram",Kerala State Pollution Control Board,"Residential, Rural and other Areas",6.38,29.13,59,67.66666667
358,5/5/2010,Kerala,Thiruvananthapuram,"Sasthamangalam, Thiruvananthapuram",Kerala State Pollution Control Board,"Residential, Rural and other Areas",5.7,26.92,43.33,56.66666667
358,5/8/2010,Kerala,Thiruvananthapuram,"Sasthamangalam, Thiruvananthapuram",Kerala State Pollution Control Board,"Residential, Rural and other Areas",6.5,25.02,46.67,55.33333333
358,5/11/2010,Kerala,Thiruvananthapuram,"Sasthamangalam, Thiruvananthapuram",Kerala State Pollution Control Board,"Residential, Rural and other Areas",6.07,25.47,44.67,52.66666667
358,14-05-10,Kerala,Thiruvananthapuram,"Sasthamangalam, Thiruvananthapuram",Kerala State Pollution Control Board,"Residential, Rural and other Areas",5.77,24.62,44.67,52.66666667
358,16-05-10,Kerala,Thiruvananthapuram,"Sasthamangalam, Thiruvananthapuram",Kerala State Pollution Control Board,"Residential, Rural and other Areas",6.67,26.38,53.33,63.33333333
358,19-05-10,Kerala,Thiruvananthapuram,"Sasthamangalam, Thiruvananthapuram",Kerala State Pollution Control Board,"Residential, Rural and other Areas",5.13,19.13,42,49.66666667
358,20-05-10,Kerala,Thiruvananthapuram,"Sasthamangalam, Thiruvananthapuram",Kerala State Pollution Control Board,"Residential, Rural and other Areas",6.18,24.58,44.67,52.66666667
358,23-05-10,Kerala,Thiruvananthapuram,"Sasthamangalam, Thiruvananthapuram",Kerala State Pollution Control Board,"Residential, Rural and other Areas",6.38,23.77,48.67,56.66666667
358,27-05-10,Kerala,Thiruvananthapuram,"Sasthamangalam, Thiruvananthapuram",Kerala State Pollution Control Board,"Residential, Rural and other Areas",5.8,20.83,43.33,51.66666667
358,6/1/2010,Kerala,Thiruvananthapuram,"Sasthamangalam, Thiruvananthapuram",Kerala State Pollution Control Board,"Residential, Rural and other Areas",5.74,19.07,44,51.33333333
358,6/3/2010,Kerala,Thiruvananthapuram,"Sasthamangalam, Thiruvananthapuram",Kerala State Pollution Control Board,"Residential, Rural and other Areas",6,20.33,46.33,55
358,6/8/2010,Kerala,Thiruvananthapuram,"Sasthamangalam, Thiruvananthapuram",Kerala State Pollution Control Board,"Residential, Rural and other Areas",5.62,22.2,41.67,50.33333333
358,6/10/2010,Kerala,Thiruvananthapuram,"Sasthamangalam, Thiruvananthapuram",Kerala State Pollution Control Board,"Residential, Rural and other Areas",6.35,22.53,45,52.66666667
358,15-06-10,Kerala,Thiruvananthapuram,"Sasthamangalam, Thiruvananthapuram",Kerala State Pollution Control Board,"Residential, Rural and other Areas",5.63,26.22,48.33,57
358,19-06-10,Kerala,Thiruvananthapuram,"Sasthamangalam, Thiruvananthapuram",Kerala State Pollution Control Board,"Residential, Rural and other Areas",5.87,26.25,50.67,59.33333333
358,22-06-10,Kerala,Thiruvananthapuram,"Sasthamangalam, Thiruvananthapuram",Kerala State Pollution Control Board,"Residential, Rural and other Areas",6.5,23.78,47.33,55.33333333
358,24-06-10,Kerala,Thiruvananthapuram,"Sasthamangalam, Thiruvananthapuram",Kerala State Pollution Control Board,"Residential, Rural and other Areas",6.95,21.55,43.33,52
358,28-06-10,Kerala,Thiruvananthapuram,"Sasthamangalam, Thiruvananthapuram",Kerala State Pollution Control Board,"Residential, Rural and other Areas",7.07,25,44,52.66666667
358,7/2/2010,Kerala,Thiruvananthapuram,"Sasthamangalam, Thiruvananthapuram",Kerala State Pollution Control Board,"Residential, Rural and other Areas",5.9,21.85,42.33,50
358,7/4/2010,Kerala,Thiruvananthapuram,"Sasthamangalam, Thiruvananthapuram",Kerala State Pollution Control Board,"Residential, Rural and other Areas",5.85,22.2,45,53
358,7/7/2010,Kerala,Thiruvananthapuram,"Sasthamangalam, Thiruvananthapuram",Kerala State Pollution Control Board,"Residential, Rural and other Areas",5.62,21.63,44.33,52
358,7/9/2010,Kerala,Thiruvananthapuram,"Sasthamangalam, Thiruvananthapuram",Kerala State Pollution Control Board,"Residential, Rural and other Areas",6.7,20.92,48.33,56.66666667
358,7/11/2010,Kerala,Thiruvananthapuram,"Sasthamangalam, Thiruvananthapuram",Kerala State Pollution Control Board,"Residential, Rural and other Areas",6.25,23.95,43.67,52.33333333
358,14-07-10,Kerala,Thiruvananthapuram,"Sasthamangalam, Thiruvananthapuram",Kerala State Pollution Control Board,"Residential, Rural and other Areas",6.8,26.7,42.67,50.66666667
358,18-07-10,Kerala,Thiruvananthapuram,"Sasthamangalam, Thiruvananthapuram",Kerala State Pollution Control Board,"Residential, Rural and other Areas",6.02,22.63,46.33,54.33333333
358,27-07-10,Kerala,Thiruvananthapuram,"Sasthamangalam, Thiruvananthapuram",Kerala State Pollution Control Board,"Residential, Rural and other Areas",6.52,24.08,42,50.66666667
358,31-07-10,Kerala,Thiruvananthapuram,"Sasthamangalam, Thiruvananthapuram",Kerala State Pollution Control Board,"Residential, Rural and other Areas",6.2,22.53,43,51.66666667
358,8/2/2010,Kerala,Thiruvananthapuram,"Sasthamangalam, Thiruvananthapuram",Kerala State Pollution Control Board,"Residential, Rural and other Areas",5.83,27.49,45.67,53
358,8/5/2010,Kerala,Thiruvananthapuram,"Sasthamangalam, Thiruvananthapuram",Kerala State Pollution Control Board,"Residential, Rural and other Areas",5.58,25.34,45.67,53.66666667
358,8/10/2010,Kerala,Thiruvananthapuram,"Sasthamangalam, Thiruvananthapuram",Kerala State Pollution Control Board,"Residential, Rural and other Areas",5.83,26.79,46,53.33333333
358,14-08-10,Kerala,Thiruvananthapuram,"Sasthamangalam, Thiruvananthapuram",Kerala State Pollution Control Board,"Residential, Rural and other Areas",5.82,25.09,55.67,63.66666667
358,19-08-10,Kerala,Thiruvananthapuram,"Sasthamangalam, Thiruvananthapuram",Kerala State Pollution Control Board,"Residential, Rural and other Areas",5.8,25.85,44.67,55
358,24-08-10,Kerala,Thiruvananthapuram,"Sasthamangalam, Thiruvananthapuram",Kerala State Pollution Control Board,"Residential, Rural and other Areas",5.78,21.83,45.67,54.33333333
358,28-08-10,Kerala,Thiruvananthapuram,"Sasthamangalam, Thiruvananthapuram",Kerala State Pollution Control Board,"Residential, Rural and other Areas",6.63,26.13,49,57
358,31-08-10,Kerala,Thiruvananthapuram,"Sasthamangalam, Thiruvananthapuram",Kerala State Pollution Control Board,"Residential, Rural and other Areas",6.38,25.69,51,60.33333333
358,9/2/2010,Kerala,Thiruvananthapuram,"Sasthamangalam, Thiruvananthapuram",Kerala State Pollution Control Board,"Residential, Rural and other Areas",5.83,29.82,53.33,62
358,9/8/2010,Kerala,Thiruvananthapuram,"Sasthamangalam, Thiruvananthapuram",Kerala State Pollution Control Board,"Residential, Rural and other Areas",5.7,29.23,47.33,56
358,9/12/2010,Kerala,Thiruvananthapuram,"Sasthamangalam, Thiruvananthapuram",Kerala State Pollution Control Board,"Residential, Rural and other Areas",6.6,26.25,51.33,59
358,15-09-10,Kerala,Thiruvananthapuram,"Sasthamangalam, Thiruvananthapuram",Kerala State Pollution Control Board,"Residential, Rural and other Areas",5.82,26.28,50.67,59.33333333
358,18-09-10,Kerala,Thiruvananthapuram,"Sasthamangalam, Thiruvananthapuram",Kerala State Pollution Control Board,"Residential, Rural and other Areas",5.58,23.98,51.33,59.33333333
358,22-09-10,Kerala,Thiruvananthapuram,"Sasthamangalam, Thiruvananthapuram",Kerala State Pollution Control Board,"Residential, Rural and other Areas",5.93,26.17,49,57.66666667
358,26-09-10,Kerala,Thiruvananthapuram,"Sasthamangalam, Thiruvananthapuram",Kerala State Pollution Control Board,"Residential, Rural and other Areas",5.82,26.33,47.67,56.33333333
358,28-09-10,Kerala,Thiruvananthapuram,"Sasthamangalam, Thiruvananthapuram",Kerala State Pollution Control Board,"Residential, Rural and other Areas",6.63,23.48,46.33,55.66666667
358,29-09-10,Kerala,Thiruvananthapuram,"Sasthamangalam, Thiruvananthapuram",Kerala State Pollution Control Board,"Residential, Rural and other Areas",6.02,27.33,38.67,48.66666667
358,10/1/2010,Kerala,Thiruvananthapuram,"Sasthamangalam, Thiruvananthapuram",Kerala State Pollution Control Board,"Residential, Rural and other Areas",6.6,19.83,52,60.66666667
358,10/4/2010,Kerala,Thiruvananthapuram,"Sasthamangalam, Thiruvananthapuram",Kerala State Pollution Control Board,"Residential, Rural and other Areas",6,18.57,51.67,59.66666667
358,10/6/2010,Kerala,Thiruvananthapuram,"Sasthamangalam, Thiruvananthapuram",Kerala State Pollution Control Board,"Residential, Rural and other Areas",6.93,25.9,53,61.66666667
358,10/9/2010,Kerala,Thiruvananthapuram,"Sasthamangalam, Thiruvananthapuram",Kerala State Pollution Control Board,"Residential, Rural and other Areas",6.63,25.85,49.67,57.66666667
358,10/10/2010,Kerala,Thiruvananthapuram,"Sasthamangalam, Thiruvananthapuram",Kerala State Pollution Control Board,"Residential, Rural and other Areas",6.12,25.83,48.67,56.66666667
358,14-10-10,Kerala,Thiruvananthapuram,"Sasthamangalam, Thiruvananthapuram",Kerala State Pollution Control Board,"Residential, Rural and other Areas",6.53,25.28,48,56
358,19-10-10,Kerala,Thiruvananthapuram,"Sasthamangalam, Thiruvananthapuram",Kerala State Pollution Control Board,"Residential, Rural and other Areas",7.33,22.98,57.67,66.33333333
358,21-10-10,Kerala,Thiruvananthapuram,"Sasthamangalam, Thiruvananthapuram",Kerala State Pollution Control Board,"Residential, Rural and other Areas",6.63,22.53,60.33,69
358,26-10-10,Kerala,Thiruvananthapuram,"Sasthamangalam, Thiruvananthapuram",Kerala State Pollution Control Board,"Residential, Rural and other Areas",6.23,22.48,54,62
358,11/1/2010,Kerala,Thiruvananthapuram,"Sasthamangalam, Thiruvananthapuram",Kerala State Pollution Control Board,"Residential, Rural and other Areas",5.94,22.58,42.33,50.33333333
358,11/5/2010,Kerala,Thiruvananthapuram,"Sasthamangalam, Thiruvananthapuram",Kerala State Pollution Control Board,"Residential, Rural and other Areas",10.53,28.96,44.67,53.33333333
358,11/8/2010,Kerala,Thiruvananthapuram,"Sasthamangalam, Thiruvananthapuram",Kerala State Pollution Control Board,"Residential, Rural and other Areas",6.4,22.81,42,50
358,11/11/2010,Kerala,Thiruvananthapuram,"Sasthamangalam, Thiruvananthapuram",Kerala State Pollution Control Board,"Residential, Rural and other Areas",6.03,18.78,42,50
358,13-11-10,Kerala,Thiruvananthapuram,"Sasthamangalam, Thiruvananthapuram",Kerala State Pollution Control Board,"Residential, Rural and other Areas",6.19,21.15,44,52
358,16-11-10,Kerala,Thiruvananthapuram,"Sasthamangalam, Thiruvananthapuram",Kerala State Pollution Control Board,"Residential, Rural and other Areas",6.4,24.37,48.33,56.33333333
358,19-11-10,Kerala,Thiruvananthapuram,"Sasthamangalam, Thiruvananthapuram",Kerala State Pollution Control Board,"Residential, Rural and other Areas",6.02,25.42,44,52
358,22-11-10,Kerala,Thiruvananthapuram,"Sasthamangalam, Thiruvananthapuram",Kerala State Pollution Control Board,"Residential, Rural and other Areas",5.9,24.25,39.33,47.33333333
358,26-11-10,Kerala,Thiruvananthapuram,"Sasthamangalam, Thiruvananthapuram",Kerala State Pollution Control Board,"Residential, Rural and other Areas",6.34,23.85,35.33,43.33333333
358,12/4/2010,Kerala,Thiruvananthapuram,"Sasthamangalam, Thiruvananthapuram",Kerala State Pollution Control Board,"Residential, Rural and other Areas",5.92,22.92,48.67,56.66666667
358,12/8/2010,Kerala,Thiruvananthapuram,"Sasthamangalam, Thiruvananthapuram",Kerala State Pollution Control Board,"Residential, Rural and other Areas",5.97,22.4,49.33,57.33333333
358,12/12/2010,Kerala,Thiruvananthapuram,"Sasthamangalam, Thiruvananthapuram",Kerala State Pollution Control Board,"Residential, Rural and other Areas",6.65,26.12,48.33,57.66666667
358,16-12-10,Kerala,Thiruvananthapuram,"Sasthamangalam, Thiruvananthapuram",Kerala State Pollution Control Board,"Residential, Rural and other Areas",6.08,25.53,56.67,64.66666667
358,20-12-10,Kerala,Thiruvananthapuram,"Sasthamangalam, Thiruvananthapuram",Kerala State Pollution Control Board,"Residential, Rural and other Areas",5.53,20.33,43.33,51
358,24-12-10,Kerala,Thiruvananthapuram,"Sasthamangalam, Thiruvananthapuram",Kerala State Pollution Control Board,"Residential, Rural and other Areas",5.53,23.65,46,56
358,26-12-10,Kerala,Thiruvananthapuram,"Sasthamangalam, Thiruvananthapuram",Kerala State Pollution Control Board,"Residential, Rural and other Areas",6.95,26.88,50,60.66666667
358,31-12-10,Kerala,Thiruvananthapuram,"Sasthamangalam, Thiruvananthapuram",Kerala State Pollution Control Board,"Residential, Rural and other Areas",6.87,28.28,56.67,66
